3907992, 418639
3907992, 3907994
3907970, 483287
2589150, 3907982
1002781, 3907988
3907970, 3908000
3907960, 418046
3907972, 3907974
3907976, 3907982
3907974, 3907982
3907996, 418639
2589243, 3907972
3907982, 3907992
3907976, 418648
1004065, 3907988
2589150, 3907972
3907980, 418645
3907982, 3907990
3907978, 418642
3907966, 418049
3907992, 418636
3907960, 3907966
3908000, 483290
3907976, 3907978
3907982, 3907984
3907994, 419826
3907964, 418055
2589240, 3907972
3907960, 3907962
3907970, 482943
3907970, 3908002
3907976, 418645
3907960, 418043
