1107779, 3909960
2697069, 3909970
1107775, 3909962
1107784, 3909952
1107788, 3909954
1107818, 1107820
3909976, 3909982
1107773, 3910000
1107751, 3909996
3909972, 3909982
1107779, 3909952
3909998, 3910000
1107755, 3909984
1107825, 3909982
2697066, 3909970
3909952, 3909958
1107748, 3909968
1107813, 3909988
3909988, 3909990
3909952, 3909956
3909978, 3909982
1107759, 3909978
3909988, 3909992
3909962, 3909964
3909962, 3909966
3909982, 3909994
1107746, 3909966
1107786, 3909958
3909970, 3909976
3909982, 3909996
3909970, 3909972
3909980, 3909984
1107753, 3910002
1107757, 3909986
1107744, 3909962
1107811, 3909988
1107753, 3909998
1107742, 3909962
1107777, 3909952
1107757, 3909980
1107775, 3909883
