3908264, 3908297
1079181, 3908238
1079248, 3908293
1079250, 3908293
1079192, 3908268
1079196, 3908262
3908266, 3908268
3908264, 3908295
3908258, 3908264
1079216, 3908248
3908291, 3908293
1079190, 2694156
2694072, 3908246
3908246, 3908258
1079183, 3908240
1079223, 3908250
3908238, 3908242
1079188, 3908297
1079212, 3908238
3908289, 3908293
1079225, 3908254
1079214, 3908248
1079212, 3908236
3908256, 3908264
2694156, 3908337
3908248, 3908252
1079194, 3908266
3908264, 3908276
1079185, 3908244
1079179, 3908238
1079210, 3908337
3908248, 3908250
1079255, 3908270
1079194, 3908287
2694075, 3908246
1079216, 3908341
3908262, 3908264
1079221, 3908248
3908238, 3908240
3908246, 3908256
1079190, 3908339
