1107805, 1107807
1107822, 3909988
1107769, 1107771
3909962, 3909968
1107771, 2697134
1107783, 3909952
1107809, 3909998
1107818, 1107825
2697134, 3909980
1107769, 2697134
2697137, 3909998
1107764, 1107809
1107771, 3909980
1107783, 2697066
1107805, 3909962
1107818, 3909988
1107818, 1107822
1107769, 3909980
1107805, 2697069
1107800, 3909952
1107807, 3909962
1107822, 1107825
1107807, 2697069
2697069, 3909962
1107783, 1107800
1107809, 2697137
2697134, 3909978
2697066, 3909952
3909952, 3909954
2697137, 3909996
1107825, 3909988
1107800, 2697066
