3912220, 3912230
3911856, 3911860
3912224, 3912226
3912260, 3913226
3911860, 3911866
3913242, 3914660
3912252, 3913226
3913240, 3914660
3912242, 3912248
3911866, 3911868
3912250, 3915428
3911860, 3911862
3915436, 3915438
3912256, 3912258
3912220, 3912228
3914658, 3914664
3912248, 3912250
3912238, 3912240
3911858, 3911860
3912218, 3912242
3912232, 3912236
3912250, 3913236
3912256, 3913226
3912220, 3912232
3912242, 3912244
3915432, 3915434
3912260, 3912262
3911872, 3912242
3911864, 3911870
3911852, 3911854
3912220, 3912224
3912250, 3913226
3913238, 3914660
3915428, 3915438
3912244, 3912250
3915428, 3915432
3912250, 3914666
3912254, 3915428
3913234, 3914660
3911854, 3911860
3912220, 3912234
