1107627, 2696566
1107627, 3909401
1107625, 1107627
1107603, 1107620
1107620, 3909554
1107642, 3909590
2696566, 3909401
1107645, 3909590
3909401, 3909564
1107584, 1107629
1107589, 1107591
1107638, 1107645
2696486, 3909596
1107603, 2696563
2696563, 3909554
1107638, 3909590
1107620, 2696563
1107589, 2696450
1107625, 2696566
1107625, 3909401
2696450, 3909580
1107591, 3909584
1107629, 3909596
1107638, 1107642
1107589, 3909582
2696450, 3909582
3909554, 3909556
1107642, 1107645
2696486, 3909588
1107629, 2696486
1107603, 3909554
