1107505, 3909313
2696152, 3909321
1107478, 3909319
1107503, 3909363
1107472, 3909313
1107485, 3909353
1107474, 3909313
1107489, 3909355
3909321, 3909333
3909323, 3909329
3909333, 3909339
1107541, 3909343
3909351, 3909353
1107555, 3909339
3909313, 3909317
1107548, 1107550
1107487, 3909351
1107509, 3909323
2696149, 3909321
3909341, 3909343
3909321, 3909335
1107516, 3909329
1107543, 3909343
1107487, 3909357
1107518, 3909325
1107505, 3909311
1107514, 3909323
3909323, 3909327
3909335, 3909339
3909339, 3909349
1107483, 3909361
1107509, 3909331
3909339, 3909355
1107507, 3909323
3909361, 3909363
3909313, 3909315
1107481, 3909349
3909339, 3909347
3909343, 3909345
1107476, 3909317
1107483, 3909359
