1107537, 2696152
1107535, 2696152
1107548, 3909343
2696152, 3909313
1107530, 2696149
1107535, 1107537
1107499, 2696087
3909323, 3909325
1107539, 2696084
1107530, 3909323
1107499, 1107501
1107513, 2696149
1107499, 3909351
2696149, 3909323
1107501, 3909353
1107535, 3909313
1107513, 3909323
1107537, 3909313
1107552, 1107555
2696087, 3909355
2696084, 3909361
3909313, 3909319
2696087, 3909351
1107513, 1107530
1107548, 1107552
1107548, 1107555
1107555, 3909343
1107494, 1107539
1107539, 3909361
1107552, 3909343
2696084, 3909349
