726580
726579
726584
726578,1586239
341153,1590460
341151,341154
1221919
1221862,1221859
1587533,1221861




2472930
388396,903520
441522,440756
388398,1594279
726585,726581
726680
726681,726685

726679
726684
726678,1586249




442128
388187
921410
921409
921411,921526
921413



818456
818455,1589181
818459
818459
818458
818457
727058
727057
727062
727056,1586279
680100,1591030
680098,680101
1222135
1222078,1222075
1587547,1222077




2472934
727063,727059
727158
727159,727163
727158,727157,727159,727160,727161
727157
727162
727156,1586289


727057,727059,727060,727061,727058

820065
820064,1590149
820068


820115
727297
727296
727301
727295,1586299
680888,1591032
680886,680889
1222241
1222184,1222181
1587554,1222183




2472647
727302,727298
727397
727398,727402

727396
727401
727395,1586309




820139
820138,1590182
820142


727536
727535
727540
727534,1586319
681676,1591034
681674,681677
1222347
1222290,1222287
1587561,1222289


2472936
727541,727537
727636
727637,727641

727635
727640
727634,1586329


727535,727537,727538,727539,727536

820213
820212,1590213
820216

820263
727775
727774
727779
727773,1586339
682464,1591036
682462,682465
1222453
1222396,1222393
1587568,1222395



2472938
727780,727776
727875
727876,727880

727874
727879
727873,1586349


727774,727776,727777,727778,727775

820287
820286,1590244
820290
820290

820337
728014
728013
728018
728012,1586359
683252,1591038
683250,683253
1222559
1222502,1222499
1587575,1222501




2472940
728019,728015
728114
728115,728119

728113
728118
728112,1586369




820361
820360,1590275
820364
820364

820411
728253
728252
728257
728251,1586379
684040,1591040
684038,684041
1222665
1222608,1222605
1587582,1222607




2472942
728258,728254
728353
728354,728358

728352
728357
728351,1586389




820435
820434,1590306
820438
820438

820485
728492
728491
728496
728490,1586399
684828,1591042
684826,684829
1222771
1222714,1222711
1587589,1222713




2472944
728497,728493
728592
728593,728597

728591
728596
728590,1586409




820509
820508,1590337
820512
820512

820559
728731
728730
728735
728729,1586419
685616,1591044
685614,685617
1222877
1222820,1222817
1587596,1222819




2472946
728736,728732
728831
728832,728836

728830
728835
728829,1586429




820583
820582,1590368
820586
820586

820633
686288
686287
686292
686286,1591883
688335,1593031
688333,688336
1223346
1592363,1223288



688397
881178,686289
730162
730163,881038

730161
730166
730160,1592087




864714
864713,1592766
1256997

1039563
1593617,921408



3493935,3494495,3829467,3829487,3493930,3817743,3817858
1392094,1580636
1392095,1392096,1392138
1392095
1392138,1392137
1392097
1021049
1021048
1580867,1021047
1021053
1392127

1268049
1340333,1824648
1030438
1021050,1021054

1823261
1586958,1218999
2833720,2833759
725302,1586229
725303
725304
725305,725309
2833727,2833723
2833722
2833721
2833726




725308
1219000,1218997
1219057


1340500
1268049,862159,862254,1554366



341362,341363





726629
726729



814920,814921
725353

782268,782269


3719265,3719268





1223289,1223286
680097

727207
727107
727446
727346
680885,680889









































1222286,1222290

727585
727685
727924
727824



728163
728063


728402
728302


728541
728641
728880
728780




730208
686591


388431
2833744



3494495
726585
726579,726581,726582,726583,726580
726583
726578,1586239
726584,726582
726685
726680,726679,726681,726682,726683
341362,726629,1612972,726729,1612970,1612973,1612974,1612978,1620667
1620666,1620667
1221861,1221858,1221862,1221895,1587533
1221858,1221919
1221859
341363,818507,1221895,1612975,1612979,3686294,607822,1620666,3686295
3686292,3686295
818458
818456,818457,818455,1589181
818507
341150,341154,607822,341153,1590460
2472930,341150
341151

726682,726684
726683
727063
727062,727060
727061
727056,1586279
727107,3051389,3051463,727207,3051462,3051464,3051465,3051468,3051473
3051472,3051473

3051389,3051390
820115,1222111,3051390,3051466,3051469,3687880,680447,3051472,3687881
1222077,1222074,1222078,1222111,1587547
1222074,1222135
820068
820067
820065,820066,820067,820064,1590149
820066
3687878,3687881
680101,680447,680100,1591030
2472934,680097
680098
727302
727296,727298,727299,727300,727297
727301,727299
727300
727295,1586299
727346,3052470,3052544,727446,3052543,3052545,3052546,3052549,3052554
727397,727396,727398,727399,727400
727399,727401
727400
727395,1586309
3052470,3052471
3052553,3052554

1222183,1222217,1587554
820189,1222217,3052471,3052547,3052550,3687922,681235,3052553,3687923
1222180,1222184
1222180,1222241
820142
820189
1222181
820140
820141
820139,820140,820141,820138,1590182
3687920,3687923
681235,680888,1591032
2472647,680885
680886
727402
727541
727636,727635,727637,727638,727639
727634,1586329
727638,727640
727639
727641
3052915,3052916
727585,3052915,3052989,727685,3052988,3052990,3052991,3052994,3052999
3052998,3052999
727534,1586319
727540,727538
727539
1222289,1222323,1587561
1222287
1222286,1222347
820263,1222323,3052916,3052992,3052995,3687964,682023,3052998,3687965

820216
3687962,3687965
820213,820214,820215,820212,1590213
820214
820215
681673,681677
2472936,681673
682023,681676,1591034
681674
727780
727779,727777
727778
727773,1586339
682587,727824,1613615,1613626,727924,1613614,1613616,1613617,1613620,1621090
1621089,1621090

682587,682588
682588,820337,1222429,1613618,1613621,3718604,682811,1621089,3718605
1222395,1222429,1587568
1222392,1222453

1222392,1222396

1222393
820287,820288,820289,820286,1590244
820289
820288
3718602,3718605
727875,727874,727876,727877,727878
727873,1586349
727878
727877,727879
727880
682811,682464,1591036
682461,682465
2472938,682461
682462
728019
728013,728015,728016,728017,728014
728017
728018,728016
728012,1586359
728063,3055085,3055163,3055172,728163,3055162,3055164,3055165,3055168,3055174
728114,728113,728115,728116,728117
728112,1586369
728117
728116,728118
728119
3055085,3055086
3055173,3055174

820411,1222535,3055086,3055166,3055169,3719026,683599,3055173,3719027
820363
820361,820362,820363,820360,1590275
820362
3719024,3719027
683599,683252,1591038
1222498,1222502
1222498,1222559
1222501,1222535,1587575
1222499
683250
683249,683253
2472940,683249
728258
728252,728254,728255,728256,728253
728358
728353,728352,728354,728355,728356
728351,1586389
728356
728355,728357
728257,728255
728251,1586379
728256
3055683,3055684
3055595,3055596

728302,3055595,3055673,3055682,728402,3055672,3055674,3055675,3055678,3055684
820485,1222641,3055596,3055676,3055679,3719049,684387,3055683,3719050
3719047,3719050
1222607,1222641,1587582
1222604,1222608
1222604,1222665
1222605
684387,684040,1591040
820435,820436,820437,820434,1590306
820436
820437
684037,684041
2472942,684037
684038
728491,728493,728494,728495,728492
728592,728591,728593,728594,728595
728497
728597
728594,728596
728595
728590,1586409
728496,728494
728495
728490,1586399
728541,3056466,3056544,3056553,728641,3056543,3056545,3056546,3056549,3056555
3056554,3056555

3056466,3056467
820559,1222747,3056467,3056547,3056550,3719072,685175,3056554,3719073
1222713,1222747,1587589
1222710,1222714
1222710,1222771
820511
820510
820509,820510,820511,820508,1590337
3719070,3719073
685175,684828,1591042
684825,684829
2472944,684825
684826
1222711
728736
728831,728830,728832,728833,728834
728829,1586429
728834
728833,728835
728836
728730,728732,728733,728734,728731
728734
728735,728733
728729,1586419
728780,3057088,3057166,3057175,728880,3057165,3057167,3057168,3057171,3057177
3057176,3057177

3057088,3057089
1222819,1222853,1587596
1222816,1222820
820633,1222853,3057089,3057169,3057172,3719095,685963,3057176,3719096
1222816,1222877
1222817
820583,820584,820585,820582,1590368
820584
820585
3719093,3719096
685963,685616,1591044
685613,685617
2472946,685613
685614
881178
686287,686289,686290,686291,686288
686292,686290
686291
686286,1591883
686591,868427,868444,1611981,730208,868438,868489,868496,1618790,1651320
730162,730161,730163,730164,730165
730160,1592087
730164,730166
730165
881038
868427,868428
1618789,1618790

868428,868497,1045015,1223322,3719267,688371,1039563,1618789,3719268
1223288,1223322,1592363
1223289,1315819
1223346,1315819
1223286
864714,864715,864716,864713,1592766
864716
864715
688371,688335,1593031
688332,688336
688332,688397
688333
1256997
782268,782321,885450,782267,782314,921448,1048742,1651509,2025515
921408,921410,921448,921409,921411,921412,922056,1593617
921412,921413
922056
921526
782269,782313,874295,1651694,3826707,388187,782266
3719580,3826707
388395,388398,441522,442128,903520,907080,1594279

388431,388395
440756
388396
907080
782266,782267
1340333,1613860,1613862,375573,860000,887009,1021098,1030438,1340500,1613861,2328491,2792148

375573,375574
887009,969005,375574,1025802
1613890,969005,1392127
1392094,1580636
1392097,1392096
1392137
1065812,2328491
1021098
1021047,1580867
1021051,1021053
1021049,1021048,1021050,1021051,1021052
1021052
1021054
814921,1219033,1613688,1613691,1619037,3760556
725302,725304,1586229,725303,725305,725306,725307
725306,725308
725307
725309
2833721,2833723,2833724,2833725,2833720,2833722,2833759
2833725
2833726,2833724
2833727
814920,1613685,2833744,725353,1613684,1613686,1613687,1613690,1619038
1619037,1619038

1218999,1218996,1219000,1219033,1586958
1218997
1218996,1219057
726924
726920,726924
726919
726918
726919,726918,726920,726921,726922
726922
726917,1586269
726921,726923
726923
726917,1586269
726968



726868
726818,726820,726821,726822,726819

726824,726820
726824
726819
726818
726823,726821
726822
726823
726817,1586259
726817,1586259
726868,3044842,3044919,3731892,726968,3044918,3044920,3044921,3044924,3044929
3044928,3044929

3044842,3044843
820041,1222005,3044843,3044922,3044925,3687838,679659,3044928,3687839
679312,1591028
1221971
679310,679313
679310
2472932,679309
2472932
679309,679313,679659,679312,1591028



819990,1590116
3687836,3687839
819992
819991
819993
819994
819991,819992,819993,819990,1590116

819994
820041

1221971,1221968,1221972,1222005

1221972,1221969
1221969
1222029
1221968,1222029

