







2341762
341146,1591184
341146,341190


341187
341191,341189

341146,3626873
341153,1590460,1591330,1591379,1591284




341151

341150
341154
1620667,1612973
1612975,1612973,3846561
1620666





1612523
1612523
1612522


341362
341363





1823261





375574,1614073
375573,1619037




388187,1651694,3826707
1623086,443606,1641111
388391,1593976
388433,388435,388391


388432,720969
442789,1707706
388398,1594279,1593980,1593978,1593981




388396

440756
388395



441522
442128
1967484
547170,548307



3829508,3829820,3829838













388431




1612975,1612979
1612973,1612970
1612978,1612974
1612972












1613862
1613861
1613861,2792148
1613860

607822






1737230
1736908,3306990


1824648
1268520,2100783


1030438,1586958
1268049

679305,1591635
679305,679333


679330
679334,680122,679332

679305,3626570
679312,1591028,1591638,1591639,1591637




679310

679309
679313
679659
680093,1591642
680093,680121


680118
680122,680910,680120

680093,3626875
680100,1591030,1591645,1591646,1591644




680098

680097
680101
680447
680881,1591649
680881,680909


680906
680910,680908

680881,3626877
680888,1591032,1591652,1591653,1591651




680886

680885
680889
681235
681669,1591656
681669,681697


681694
681698,681696

681669,3626879
681676,1591034,1591659,1591660,1591658




681674

681673
681677
682023
682457,1591663
682457,682485


682482
682486,682484

682457,3626881
682464,1591036,1591666,1591667,1591665




682462

682461
682465
1621090

1621089


1613625



1612840
1612839


682587
682588



1613618,1613621
1613616,1613614
1613620,1613617
1613615
682811
683245,1591670
683245,683273


683270
683274,683272

683245,3626883
683252,1591038,1591673,1591674,1591672




683250

683249
683253
683599
684033,1591677
684033,684061


684058
684062,684060

684033,3626885
684040,1591040,1591680,1591681,1591679




684038

684037
684041
684387
684821,1591684
684821,684849


684846
684850,684848

684821,3626887
684828,1591042,1591687,1591688,1591686




684826

684825
684829
685175
685609,1591691
685609,685637


685634
685638,685636

685609,3626889
685616,1591044,1591694,1591695,1591693




685614

685613
685617
685963
686317,686318
686315,686316
686332

686320,686319
881178



686287,686288
686290


686291




686591
686289

686286,1591883,1592170,1592171,1592172,1592173
686332


686292
686335,1592174

688328,1593261
688328,688356


688353
688357,688355

688328,3632346
688335,1593031,1593263,1593265,1593266




688333

688397
688332
688336
688371




























725333,725334
725331,725332
725348

725336,725335
725309



725303,725304
725306


725307




725353
725305

725302,1586229,1586232,1586231,1586230,1586233
725348


725308
725351,1586234

726609,726610
726607,726608
726624

726612,726851,726611
726585



726579,726580
726582


726583




726629
726581

726578,1586239,1586242,1586241,1586240,1586243
726624


726584
726627,1586244

726709,726710
726707,726708
726724

726712,726711
726685



726679,726680
726682


726683




726729
726681

726678,1586249,1586252,1586251,1586250,1586253
726724


726684
726727,1586254

726848,726849
726846,726847
726863

726851,727090,726850
726824



726818,726819
726821


726822




726868,727107
726820

726817,1586259,1586262,1586261,1586260,1586263
726863


726823
726866,1586264

726948,726949
726946,726947
726963

726951,726950
726924



726918,726919
726921


726922




726968
726920

726917,1586269,1586272,1586271,1586270,1586273
726963


726923
726966,1586274

727087,727088
727085,727086
727102

727090,727329,727089
727063



727057,727058
727060


727061




727107,727346
727059

727056,1586279,1586282,1586281,1586280,1586283
727102


727062
727105,1586284

727187,727188
727185,727186
727202

727190,727189
727163



727157,727158
727160


727161




727207
727159

727156,1586289,1586292,1586291,1586290,1586293
727202


727162
727205,1586294

727326,727327
727324,727325
727341

727329,727568,727328
727302



727296,727297
727299


727300




727346
727298

727295,1586299,1586302,1586301,1586300,1586303
727341


727301
727344,1586304

727426,727427
727424,727425
727441

727429,727428
727402



727396,727397
727399


727400




727446
727398

727395,1586309,1586312,1586311,1586310,1586313
727441


727401
727444,1586314

727565,727566
727563,727564
727580

727568,727807,727567
727541



727535,727536
727538


727539




727585
727537

727534,1586319,1586322,1586321,1586320,1586323
727580


727540
727583,1586324

727665,727666
727663,727664
727680

727668,727667
727641



727635,727636
727638


727639




727685
727637

727634,1586329,1586332,1586331,1586330,1586333
727680


727640
727683,1586334

727804,727805
727802,727803
727819

727807,728046,727806
727780



727774,727775
727777


727778




727824,728063
727776

727773,1586339,1586342,1586341,1586340,1586343
727819


727779
727822,1586344

727904,727905
727902,727903
727919

727907,727906
727880



727874,727875
727877


727878




727924
727876

727873,1586349,1586352,1586351,1586350,1586353
727919


727879
727922,1586354

728043,728044
728041,728042
728058

728046,728285,728045
728019



728013,728014
728016


728017




728063,728302
728015

728012,1586359,1586362,1586361,1586360,1586363
728058


728018
728061,1586364

728143,728144
728141,728142
728158

728146,728145
728119



728113,728114
728116


728117




728163
728115

728112,1586369,1586372,1586371,1586370,1586373
728158


728118
728161,1586374

728282,728283
728280,728281
728297

728285,728524,728284
728258



728252,728253
728255


728256




728302,728541
728254

728251,1586379,1586382,1586381,1586380,1586383
728297


728257
728300,1586384

728382,728383
728380,728381
728397

728385,728384
728358



728352,728353
728355


728356




728402
728354

728351,1586389,1586392,1586391,1586390,1586393
728397


728357
728400,1586394

728521,728522
728519,728520
728536

728524,728763,728523
728497



728491,728492
728494


728495




728541
728493

728490,1586399,1586402,1586401,1586400,1586403
728536


728496
728539,1586404

728621,728622
728619,728620
728636

728624,728623
728597



728591,728592
728594


728595




728641
728593

728590,1586409,1586412,1586411,1586410,1586413
728636


728596
728639,1586414

728760,728761
728758,728759
728775

728763,686320,728762
728736



728730,728731
728733


728734




728780
728732

728729,1586419,1586422,1586421,1586420,1586423
728775


728735
728778,1586424

728860,728861
728858,728859
728875

728863,728862
728836



728830,728831
728833


728834




728880
728832

728829,1586429,1586432,1586431,1586430,1586433
728875


728835
728878,1586434

730189,730190
730187,730188
730204

730192,730191
881038



730161,730162
730164


730165




730208
730163

730160,1592087,1592221,1592222,1592223,1592224
730204


730166
730207,1592225


782267

782266


1611057



1610500
1607819


782268
782269
874295



874295,782313
1048742,782314,1651509
1651509,885450
782321















1619038,1613686
1613688,1613686
1619037,1620666


1613695


1612855
1612855
1612854


814920
814921



1613688,1613691
1613686,1613684
1613690,1613687
1613685





3561403
818507
818455,1589181,1589068,1589067,1588912,1588972,1590116
818475,818474

818476,1588710


818459,818505

818456
818457,818458




818525

3561136
820041
819990,1590116,1590115,1590114,1590112,1590113,1590149
820009,820008

820010,1590110


819994,820039

819991
819992,819993




820045

3561406
820115
820064,1590149,1590148,1590147,1590145,1590146,1590182
820083,820157,820082

820084,1590143


820068,820113

820065
820066,820067




820119

3561409
820189
820138,1590182,1590181,1590180,1590178,1590179
820157,820231,820156

820158,1590176


820142,820187

820139
820140,820141




820193

3561412
820263
820212,1590213,1590212,1590211,1590209,1590210,1590244
820231,820230

820232,1590207


820216,820261

820213
820214,820215




820267

3561415
820337
820286,1590244,1590243,1590242,1590240,1590241,1590275
820305,820304

820306,1590238


820290,820335

820287
820288,820289




820341

3561418
820411
820360,1590275,1590274,1590273,1590271,1590272,1590306
820379,820378

820380,1590269


820364,820409

820361
820362,820363




820415

3561421
820485,820559
820434,1590306,1590305,1590304,1590302,1590303,1590337
820453,820452

820454,1590300


820438,820483

820435
820436,820437




820489

3561424
820559
820508,1590337,1590336,1590335,1590333,1590334,1590368
820527,820526

820528,1590331


820512,820557

820509
820510,820511




820563

3561427
820633
820582,1590368,1590367,1590366,1590364,1590365,1592766
820601,864733,820600

820602,1590362


820586,820631

820583
820584,820585




820637

3760556















3198131,3198136




860000





862254,862159























3569907
864713,1592766,1592716,1592717,1592718,1592719
864733,864732

864734,1592714



864714
864715,864716






1259392
1618790
3844355
1618789






1612475
1612474


868427
868428



868497,1045015
868489,868438,1651320
1651320,868496
868444














887009








903520
907080
3242885






























921435,921436
921433,921434
921444

1622483,1622704,922076



921410,921409
921412


922056


921448
921411


921408,1593617,1593836,1593837,1593838,1593839
921444


921413
921447,1593840

1968474

921526








969005
1613890
1613626

3469699



3469701



3469703



3469705



3469707



3469709



3469711



3469713



3469715



3469717



3469719



3469721



3469723



3469725



3469727



3469729



3469731



3469733



3469735



3469737



3469739





990959



991048



991050



991052



991054



991056



991058



991060



991062



991064









































1021078,1021079
1021076,1021077
1021093

1021081,1021080
1021054



1021048,1021049
1021051


1021052



1021098
1021050

1021047,1580867,1584763,1584762,1584764,3614260
1021093


1021053
1021096,1584801

3468925



1025802,2791044

















1259319












1611981


2025515










1258823


1065812

1065812


3469824



3469759












1218992,1586719
1219019,1218992


1219016
1219020,1219018

3626326,1218992
1218999,1586958,1219076,2025655,3626327,1587533

1219072


1218997

1219057
1218996
1219000
1219033,1221895








1221854,1587528
1221881,1221854


1221878
1221882,1221880

3626332,1221854
1221861,1587533,1221938,2025804,3626333

1221934


1221859

1221919
1221858
1221862
1221895





1221964,1587535
1221991,1221964


1221988
1221992,1221990

3625818,1221964
1221971,1222048,2025807,1587547,3625902

1222044


1221969

1222029
1221968
1221972
1222005





1222070,1587542
1222097,1222070


1222094
1222098,1222096

3626335,1222070
1222077,1587547,1222154,2025810,3626336,1587554

1222150


1222075

1222135
1222074
1222078
1222111





1222176,1587549
1222203,1222176


1222200
1222204,1222202

3626338,1222176
1222183,1587554,1222260,2025813,3626339

1222256


1222181

1222241
1222180
1222184
1222217





1222282,1587556
1222309,1222282


1222306
1222310,1222308

3626341,1222282
1222289,1587561,1222366,2025816,3626342

1222362


1222287

1222347
1222286
1222290
1222323





1222388,1587563
1222415,1222388


1222412
1222416,1222414

3626344,1222388
1222395,1587568,1222472,2025819,3626345

1222468


1222393

1222453
1222392
1222396
1222429





1222494,1587570
1222521,1222494


1222518
1222522,1222520

3626347,1222494
1222501,1587575,1222578,2025822,3626348

1222574


1222499

1222559
1222498
1222502
1222535





1222600,1587577
1222627,1222600


1222624
1222628,1222626

3626350,1222600
1222607,1587582,1222684,2025825,3626351,1587589

1222680


1222605

1222665
1222604
1222608
1222641





1222706,1587584
1222733,1222706


1222730
1222734,1222732

3626353,1222706
1222713,1587589,1222790,2025828,3626354,1587596

1222786


1222711

1222771
1222710
1222714
1222747





1222812,1587591
1222839,1222812


1222836
1222840,1222838

3626356,1222812
1222819,1587596,1222896,2025831,3626357

1222892


1222817

1222877
1222816
1222820
1222853











1223281,1592331
1223281,1223308


1223305
1223309,1223307

1223281,3632728
1223288,1592363,1592334,1592333,1592330

1223361


1223286
1223346
1223289
1223322




























































1256997,1256998



















1315819
3307395

1340333
1340500,1738639

1392116,1392117
1392114,1392115
1392123

1392118
1392137



1392096

1392096

1392127,969005

1392094,1580636,1584530,1584531,1584532,1584533
1392123


1392097
1392126,1584551




3468409

1392095



1392138








































































1549216

1549219

1549220
1551065
1551067




1551191,1552827
1552816
1552818




1552827
1553062
1553064




1553073


1553915

1553918

1553919


1554200

1554203

1554206




























































































































































































2328491
2341762

















2472647
2472930
2472932
2472934
2472936
2472938
2472940
2472942
2472944
2472946











































































































1218992
1221854
1221964
1222070
1222176
1222282
1222388
1222494
1222600
1222706
1222812











341146

679305

680093

680881

681669

682457

683245

684033

684821

685609




































































































2833736,2833737
2833734,2833735
2833740

2833739,2833738
2833727



2833721,2833722
2833724


2833725




2833744
2833723

2833720,2833759,2833762,2833761,2833760,2833763
2833740


2833726
2833743,2833764


3469436








































3044929,3044920
3044922,3044920
3044928


3044927


3044917
3044917
3044916


3044842
3044843


3044922,3044925
3044920,3044918
3044924,3044921
3044919







3044907
3044909




3044915





3051473,3051464
3051466,3051464,3814981
3051472





3051461
3051461
3051460


3051389
3051390


3051466,3051469
3051464,3051462
3051468,3051465
3051463







3051451
3051453




3051459

3052554,3052545
3052547,3052545
3052553


3052552


3052542
3052542
3052541


3052470
3052471


3052547,3052550
3052545,3052543
3052549,3052546
3052544







3052532
3052534




3052540

3052999,3052990
3052992,3052990,3814984
3052998





3052987
3052987
3052986


3052915
3052916


3052992,3052995
3052990,3052988
3052994,3052991
3052989







3052977
3052979




3052985

3055174
3814987
3055173






3055161
3055160


3055085
3055086



3055166,3055169
3055164,3055162
3055168,3055165
3055163





3055172


3055151
3055153




3055159
3055684

3055683


3055681



3055671
3055670


3055595
3055596



3055676,3055679
3055674,3055672
3055678,3055675
3055673





3055682


3055661
3055663




3055669
3056555
3814990
3056554






3056542
3056541


3056466
3056467



3056547,3056550
3056545,3056543
3056549,3056546
3056544





3056553


3056532
3056534




3056540
3057177

3057176


3057174



3057164
3057163


3057088
3057089



3057169,3057172
3057167,3057165
3057171,3057168
3057166





3057175


3057154
3057156




3057162
1219017
1221879
1221989
1222095
1222201
1222307
1222413
1222519
1222625
1222731
1222837
1218992
1221854
1221964
1222070
1222176
1222282
1222388
1222494
1222600
1222706
1222812
341188
341146
679331
679305
680119
680093
680907
680881
681695
681669
682483
682457
683271
683245
684059
684033
684847
684821
685635
685609
688354
688328
1223306
1223281
































































































































































































































































3493931
3493926

3493928
3493930

3493936
3493935










3494495,3862157


3494503,3494504











































































1039563
































3686294,3686295

3686292,3686299
3686296,3686299



3687838,3687839

3687836,3687843
3687840,3687843



3687880,3687881

3687878,3687885
3687882,3687885



3687922,3687923

3687920,3687927
3687924,3687927



3687964,3687965

3687962,3687969
3687966,3687969



3718604,3718605

3718602,3718609
3718606,3718609



3719026,3719027

3719024,3719031
3719028,3719031



3719049,3719050

3719047,3719054
3719051,3719054



3719072,3719073

3719070,3719077
3719074,3719077



3719095,3719096

3719093,3719100
3719097,3719100



3719267,3719268

3719265,3719272
3719269,3719272




3719580,3719587
3719584,3719587



3731892

3733607,3733613
3733610,3733613







3817743,3817858

388391,3820172
388391
388391
3829467,3829487