219774
332810
332811
332812
332813
332814
332815
332818
332820
341129
341130
341131
341132
341133
341134
341135
341136
341137
341138
341139
341140
341141
341142
341143
341145
341152
341290
341291
341292
341293
341298
341299
341300
341301
341302
341303
341304
341305
341306
341307
341308
341313
375041
375042
375043
375044
375045
375046
375049
375050
375168
375525
375526
375527
375533
375534
375535
375536
388104
388106
388374
388375
388376
388377
388378
388379
388382
388383
388384
388385
388386
388387
388388
388389
388390
388500
392641
437218
438005
438280
452665
459181
459256
459682
509276
509277
509278
509279
509280
509964
510109
510192
510288
510382
510764
510872
510964
511050
511159
511702
540755
542743
546117
548660
549467
551724
551832
563957
586448
590175
590177
590178
590179
590180
590181
590182
590185
590186
590187
590191
590193
590200
590201
590213
598474
607437
618387
623048
641483
642863
642932
643209
649509
649510
649511
649512
649513
649514
649515
649516
649517
649519
649872
679288
679289
679290
679291
679292
679293
679294
679295
679296
679297
679298
679299
679300
679301
679302
679304
679311
679657
680076
680077
680078
680079
680080
680081
680082
680083
680084
680085
680086
680087
680088
680089
680090
680092
680099
680445
680864
680865
680866
680867
680868
680869
680870
680871
680872
680873
680874
680875
680876
680877
680878
680880
680887
681233
681652
681653
681654
681655
681656
681657
681658
681659
681660
681661
681662
681663
681664
681665
681666
681668
681675
682021
682440
682441
682442
682443
682444
682445
682446
682447
682448
682449
682450
682451
682452
682453
682454
682456
682463
682544
682545
682546
682547
682550
682551
682552
682553
682554
682555
682556
682557
682558
682559
682560
682562
682563
682770
682772
682779
682780
682793
682809
683228
683229
683230
683231
683232
683233
683234
683235
683236
683237
683238
683239
683240
683241
683242
683244
683251
683597
684016
684017
684018
684019
684020
684021
684022
684023
684024
684025
684026
684027
684028
684029
684030
684032
684039
684385
684804
684805
684806
684807
684808
684809
684810
684811
684812
684813
684814
684815
684816
684817
684818
684820
684827
685173
685592
685593
685594
685595
685596
685597
685598
685599
685600
685601
685602
685603
685604
685605
685606
685608
685615
685961
686257
686258
686259
686260
686261
686262
686263
686264
686265
686266
686267
686268
686269
686270
686271
686272
686273
686274
686275
686276
686278
686279
686280
686281
686282
686283
686284
686285
688311
688312
688313
688314
688315
688316
688317
688318
688319
688320
688321
688322
688323
688324
688325
688326
688327
688334
688369
696047
696234
696237
696240
696243
696246
696249
696252
696255
696258
696429
696628
698318
699237
700639
700956
701848
704566
705555
706322
707924
707974
708941
715631
717537
718488
720199
720419
725273
725274
725275
725276
725277
725278
725279
725280
725281
725282
725283
725284
725285
725286
725287
725288
725289
725290
725291
725292
725294
725295
725296
725297
725298
725299
725300
725301
726549
726550
726551
726552
726553
726554
726555
726556
726557
726558
726559
726560
726561
726562
726563
726564
726565
726566
726567
726568
726570
726571
726572
726573
726574
726575
726576
726577
726649
726650
726651
726652
726653
726654
726655
726656
726657
726658
726659
726660
726661
726662
726663
726664
726665
726666
726667
726668
726670
726671
726672
726673
726674
726675
726676
726677
726788
726789
726790
726791
726792
726793
726794
726795
726796
726797
726798
726799
726800
726801
726802
726803
726804
726805
726806
726807
726809
726810
726811
726812
726813
726814
726815
726816
726888
726889
726890
726891
726892
726893
726894
726895
726896
726897
726898
726899
726900
726901
726902
726903
726904
726905
726906
726907
726909
726910
726911
726912
726913
726914
726915
726916
727027
727028
727029
727030
727031
727032
727033
727034
727035
727036
727037
727038
727039
727040
727041
727042
727043
727044
727045
727046
727048
727049
727050
727051
727052
727053
727054
727055
727127
727128
727129
727130
727131
727132
727133
727134
727135
727136
727137
727138
727139
727140
727141
727142
727143
727144
727145
727146
727148
727149
727150
727151
727152
727153
727154
727155
727266
727267
727268
727269
727270
727271
727272
727273
727274
727275
727276
727277
727278
727279
727280
727281
727282
727283
727284
727285
727287
727288
727289
727290
727291
727292
727293
727294
727366
727367
727368
727369
727370
727371
727372
727373
727374
727375
727376
727377
727378
727379
727380
727381
727382
727383
727384
727385
727387
727388
727389
727390
727391
727392
727393
727394
727505
727506
727507
727508
727509
727510
727511
727512
727513
727514
727515
727516
727517
727518
727519
727520
727521
727522
727523
727524
727526
727527
727528
727529
727530
727531
727532
727533
727605
727606
727607
727608
727609
727610
727611
727612
727613
727614
727615
727616
727617
727618
727619
727620
727621
727622
727623
727624
727626
727627
727628
727629
727630
727631
727632
727633
727744
727745
727746
727747
727748
727749
727750
727751
727752
727753
727754
727755
727756
727757
727758
727759
727760
727761
727762
727763
727765
727766
727767
727768
727769
727770
727771
727772
727844
727845
727846
727847
727848
727849
727850
727851
727852
727853
727854
727855
727856
727857
727858
727859
727860
727861
727862
727863
727865
727866
727867
727868
727869
727870
727871
727872
727983
727984
727985
727986
727987
727988
727989
727990
727991
727992
727993
727994
727995
727996
727997
727998
727999
728000
728001
728002
728004
728005
728006
728007
728008
728009
728010
728011
728083
728084
728085
728086
728087
728088
728089
728090
728091
728092
728093
728094
728095
728096
728097
728098
728099
728100
728101
728102
728104
728105
728106
728107
728108
728109
728110
728111
728222
728223
728224
728225
728226
728227
728228
728229
728230
728231
728232
728233
728234
728235
728236
728237
728238
728239
728240
728241
728243
728244
728245
728246
728247
728248
728249
728250
728322
728323
728324
728325
728326
728327
728328
728329
728330
728331
728332
728333
728334
728335
728336
728337
728338
728339
728340
728341
728343
728344
728345
728346
728347
728348
728349
728350
728461
728462
728463
728464
728465
728466
728467
728468
728469
728470
728471
728472
728473
728474
728475
728476
728477
728478
728479
728480
728482
728483
728484
728485
728486
728487
728488
728489
728561
728562
728563
728564
728565
728566
728567
728568
728569
728570
728571
728572
728573
728574
728575
728576
728577
728578
728579
728580
728582
728583
728584
728585
728586
728587
728588
728589
728700
728701
728702
728703
728704
728705
728706
728707
728708
728709
728710
728711
728712
728713
728714
728715
728716
728717
728718
728719
728721
728722
728723
728724
728725
728726
728727
728728
728800
728801
728802
728803
728804
728805
728806
728807
728808
728809
728810
728811
728812
728813
728814
728815
728816
728817
728818
728819
728821
728822
728823
728824
728825
728826
728827
728828
730131
730132
730133
730134
730135
730136
730137
730138
730139
730140
730141
730142
730143
730144
730145
730146
730147
730148
730149
730150
730152
730153
730154
730155
730156
730157
730158
730159
775771
782225
782226
782227
782228
782231
782232
782233
782234
782235
782236
782237
782238
782239
782240
782241
782242
782243
782244
782296
782298
782305
782306
782319
795333
796299
796444
796523
796751
806743
807774
807804
807980
809297
811281
811286
811287
811288
811290
814900
814901
814902
814903
814905
814906
814907
814908
814909
814910
814911
814912
814913
814914
814915
814916
814917
814923
814925
814926
814927
814935
814996
815001
815002
815003
815005
818441
818442
818443
818444
818445
818446
818447
818448
818449
818450
818451
818452
818453
818454
818466
818467
818524
819113
819976
819977
819978
819979
819980
819981
819982
819983
819984
819985
819986
819987
819988
819989
820000
820001
820044
820047
820050
820051
820052
820053
820054
820055
820056
820057
820058
820059
820060
820061
820062
820063
820074
820075
820118
820121
820124
820125
820126
820127
820128
820129
820130
820131
820132
820133
820134
820135
820136
820137
820148
820149
820192
820195
820198
820199
820200
820201
820202
820203
820204
820205
820206
820207
820208
820209
820210
820211
820222
820223
820266
820269
820272
820273
820274
820275
820276
820277
820278
820279
820280
820281
820282
820283
820284
820285
820296
820297
820340
820343
820346
820347
820348
820349
820350
820351
820352
820353
820354
820355
820356
820357
820358
820359
820370
820371
820414
820417
820420
820421
820422
820423
820424
820425
820426
820427
820428
820429
820430
820431
820432
820433
820444
820445
820488
820491
820494
820495
820496
820497
820498
820499
820500
820501
820502
820503
820504
820505
820506
820507
820518
820519
820562
820565
820568
820569
820570
820571
820572
820573
820574
820575
820576
820577
820578
820579
820580
820581
820592
820593
820636
820639
823875
826083
826224
826226
826228
826230
826232
826234
826236
826238
826240
837944
837945
850117
850270
850341
850704
854360
854719
854901
855092
856413
857195
857419
858129
860948
861061
861237
861564
861801
861975
863998
863999
864017
864018
864036
864037
864055
864056
864074
864075
864093
864094
864112
864113
864131
864132
864150
864151
864169
864170
864699
864701
864702
864703
864704
864705
864706
864708
864709
864710
864711
864712
864724
864725
865023
865849
868308
868407
868408
868409
868410
868412
868413
868414
868415
868416
868417
868418
868419
868420
868421
868422
868423
868424
868430
868432
868433
868434
868442
868487
868491
868492
868493
868495
872458
873025
873522
873559
873819
873881
877429
877580
886211
886933
889927
890055
890102
890132
890250
890322
900395
903329
903463
906692
906746
920732
920733
920747
920757
920758
920772
920782
920783
920797
920807
920808
920822
920832
920833
920847
920857
920858
920872
920882
920883
920897
920907
920908
920922
920932
920933
920947
920957
920958
920972
921382
921383
921384
921385
921386
921387
921388
921389
921390
921391
921392
921393
921394
921395
921396
921397
921398
921399
921400
921401
921402
921403
921404
921405
921406
921407
921450
921563
922057
927710
927713
927714
934264
934265
936460
942891
961369
968883
972270
977006
984721
984722
984723
984724
984726
984727
984728
984729
984731
984732
984733
984734
984736
984737
984738
984739
984741
984742
984743
984744
984746
984747
984748
984749
984751
984752
984753
984754
984756
984757
984758
984759
984761
984762
984763
984764
984766
984767
984768
984769
984771
984772
984773
984774
984776
984777
984778
984779
984781
984782
984783
984784
984786
984787
984788
984789
984791
984792
984793
984794
984796
984797
984798
984799
984801
984802
984803
984804
984806
984807
984808
984809
984811
984812
984813
984814
984816
984817
984818
984819
984821
984822
984823
984824
987422
987600
987740
987845
988581
988582
988583
988584
988586
988587
988588
988589
988591
988592
988593
988594
988596
988597
988598
988599
988601
988602
988603
988604
988606
988607
988608
988609
988611
988612
988613
988614
988616
988617
988618
988619
988621
988622
988623
988624
988754
988859
988933
989271
989272
989273
989275
989276
989277
989279
989280
989281
989283
989284
989285
989287
989288
989289
989291
989292
989293
989295
989296
989297
989299
989300
989301
989303
989304
989305
996693
1002524
1002757
1002759
1002761
1002763
1002765
1002767
1002769
1002771
1002773
1021018
1021019
1021020
1021021
1021022
1021023
1021024
1021025
1021026
1021027
1021028
1021029
1021030
1021031
1021032
1021033
1021034
1021036
1021037
1021039
1021040
1021041
1021042
1021043
1021044
1021045
1021130
1021131
1021132
1021133
1021413
1024053
1024189
1030823
1032016
1035004
1035075
1035214
1035226
1035457
1036112
1036130
1039493
1039779
1039858
1040044
1040303
1040943
1041192
1041307
1041592
1043314
1043978
1043981
1043984
1043987
1043990
1043993
1043996
1043999
1044002
1044812
1045128
1048131
1048648
1049801
1049874
1056634
1056688
1056810
1056881
1056983
1057069
1057319
1057499
1057947
1058017
1058162
1058271
1063311
1063784
1064368
1065730
1115212
1115291
1115344
1115419
1115719
1115720
1115721
1115722
1150923
1154152
1154223
1161143
1163274
1165292
1173805
1178434
1178435
1178448
1218975
1218976
1218977
1218978
1218979
1218980
1218981
1218982
1218983
1218984
1218985
1218986
1218987
1218988
1218989
1218990
1218991
1218998
1219031
1219058
1219068
1219069
1219070
1219071
1221353
1221354
1221366
1221837
1221838
1221839
1221840
1221841
1221842
1221843
1221844
1221845
1221846
1221847
1221848
1221849
1221850
1221851
1221852
1221853
1221860
1221893
1221920
1221930
1221931
1221932
1221933
1221947
1221948
1221949
1221950
1221951
1221952
1221953
1221954
1221955
1221956
1221957
1221958
1221959
1221960
1221961
1221962
1221963
1221970
1222003
1222030
1222040
1222041
1222042
1222043
1222053
1222054
1222055
1222056
1222057
1222058
1222059
1222060
1222061
1222062
1222063
1222064
1222065
1222066
1222067
1222068
1222069
1222076
1222109
1222136
1222146
1222147
1222148
1222149
1222159
1222160
1222161
1222162
1222163
1222164
1222165
1222166
1222167
1222168
1222169
1222170
1222171
1222172
1222173
1222174
1222175
1222182
1222215
1222242
1222252
1222253
1222254
1222255
1222265
1222266
1222267
1222268
1222269
1222270
1222271
1222272
1222273
1222274
1222275
1222276
1222277
1222278
1222279
1222280
1222281
1222288
1222321
1222348
1222358
1222359
1222360
1222361
1222371
1222372
1222373
1222374
1222375
1222376
1222377
1222378
1222379
1222380
1222381
1222382
1222383
1222384
1222385
1222386
1222387
1222394
1222427
1222454
1222464
1222465
1222466
1222467
1222477
1222478
1222479
1222480
1222481
1222482
1222483
1222484
1222485
1222486
1222487
1222488
1222489
1222490
1222491
1222492
1222493
1222500
1222533
1222560
1222570
1222571
1222572
1222573
1222583
1222584
1222585
1222586
1222587
1222588
1222589
1222590
1222591
1222592
1222593
1222594
1222595
1222596
1222597
1222598
1222599
1222606
1222639
1222666
1222676
1222677
1222678
1222679
1222689
1222690
1222691
1222692
1222693
1222694
1222695
1222696
1222697
1222698
1222699
1222700
1222701
1222702
1222703
1222704
1222705
1222712
1222745
1222772
1222782
1222783
1222784
1222785
1222795
1222796
1222797
1222798
1222799
1222800
1222801
1222802
1222803
1222804
1222805
1222806
1222807
1222808
1222809
1222810
1222811
1222818
1222851
1222878
1222888
1222889
1222890
1222891
1222941
1222942
1222954
1222966
1222967
1222979
1223264
1223265
1223266
1223267
1223268
1223269
1223270
1223271
1223272
1223273
1223274
1223275
1223276
1223277
1223279
1223287
1223320
1223347
1223357
1223358
1223359
1223360
1223471
1223570
1225160
1225387
1225389
1225391
1225393
1225395
1225397
1225399
1225401
1225403
1226895
1232470
1232471
1236730
1236731
1241417
1241418
1241420
1241421
1241431
1241432
1241435
1248198
1248712
1248714
1248716
1248718
1248720
1248722
1248724
1248726
1248728
1254608
1255157
1255160
1255163
1255166
1255169
1255172
1255175
1255178
1255181
1255184
1255187
1255190
1255193
1255196
1255199
1255202
1255205
1255208
1255211
1255214
1256996
1257372
1258010
1259081
1259247
1263568
1265979
1267984
1294293
1295061
1296242
1296246
1296250
1296254
1296258
1296262
1296266
1296270
1296274
1315817
1315818
1337195
1337620
1339288
1339325
1339614
1392072
1392073
1392074
1392075
1392076
1392077
1392078
1392079
1392080
1392081
1392082
1392083
1392084
1392085
1392086
1392087
1392088
1392089
1392090
1392091
1392092
1392093
1392129
1392130
1392131
1392132
1392133
1392143
1392144
1392145
1392146
1392147
1401077
1422045
1422174
1422488
1422641
1507979
1508622
1508977
1509219
1509999
1511277
1511279
1511281
1511283
1511285
1511287
1511289
1511291
1511293
1511295
1511297
1511299
1511301
1511303
1511305
1511307
1511309
1511311
1511313
1511315
1511317
1512312
1512314
1512316
1512318
1512320
1512322
1512324
1512326
1512328
1512330
1512332
1512334
1512336
1512338
1512340
1512342
1512344
1512346
1512348
1512350
1512352
1512808
1512923
1512925
1512927
1512929
1512931
1512933
1512935
1512937
1512939
1512941
1514339
1514340
1518615
1518869
1521947
1521948
1521981
1549212
1549214
1549215
1549217
1549218
1549221
1549222
1551064
1551066
1551082
1551083
1551084
1551089
1551165
1552815
1552817
1552820
1552821
1552822
1552824
1552826
1553061
1553063
1553066
1553067
1553068
1553070
1553072
1553911
1553913
1553914
1553916
1553917
1553920
1553921
1554196
1554198
1554199
1554201
1554202
1554204
1554205
1554350
1554351
1554354
1554357
1554359
1554415
1627742
1646444
1650049
1650050
1650311
1660032
1661510
1738208
1738318
1738346
1775254
1775465
1775467
1775469
1775471
1775473
1775475
1775477
1775479
1775481
1806826
1806895
1806934
1807061
1807062
1807063
1856624
1856625
1856637
1856651
1856652
1856664
1856678
1856679
1856691
1856705
1856706
1856718
1856732
1856733
1856745
1856759
1856760
1856772
1856786
1856787
1856799
1856813
1856814
1856826
1856840
1856841
1856853
1907586
1907596
1907597
1907600
1907663
1907673
1907674
1907677
1907740
1907750
1907751
1907754
1907817
1907827
1907828
1907831
1907894
1907904
1907905
1907908
1907971
1907981
1907982
1907985
1908048
1908058
1908059
1908062
1908125
1908135
1908136
1908139
1908202
1908212
1908213
1908216
1908279
1908289
1908290
1908293
1908356
1908366
1908367
1908370
1908433
1908443
1908444
1908447
1908518
1908532
1908533
1908536
1908595
1908609
1908610
1908613
1908672
1908686
1908687
1908690
1908749
1908763
1908764
1908767
1908826
1908840
1908841
1908844
1908903
1908917
1908918
1908921
1908980
1908994
1908995
1908998
1909057
1909071
1909072
1909075
1909134
1909148
1909149
1909152
1909211
1909225
1909226
1909229
1909288
1909302
1909303
1909306
1909365
1909379
1909380
1909383
2034544
2038185
2038190
2038195
2038200
2038205
2038210
2038215
2038220
2038225
2038230
2038235
2038240
2038245
2121271
2125854
2252624
2252944
2253833
2254487
2254488
2254501
2258714
2258715
2258716
2258759
2258760
2280984
2283260
2303605
2304239
2308106
2322550
2327577
2341713
2389485
2389651
2389653
2389655
2389657
2389659
2389661
2389663
2389665
2389667
2389669
2420681
2421245
2421246
2421247
2434509
2434784
2471466
2472229
2472274
2472319
2472364
2472409
2472454
2472499
2472544
2472589
2517608
2517609
2517611
2517612
2517613
2517614
2517615
2517616
2517617
2517618
2518400
2518401
2518403
2518404
2518405
2518406
2518407
2518408
2518409
2518410
2518452
2518453
2518455
2518456
2518457
2518458
2518459
2518460
2518461
2518462
2525692
2526196
2527581
2535108
2535109
2535111
2535112
2535621
2535622
2535624
2535625
2535626
2535627
2535628
2535629
2535630
2535631
2535644
2535645
2535647
2535648
2563530
2563531
2563533
2563534
2564280
2564281
2564283
2564284
2566718
2566719
2566722
2566723
2568527
2568964
2568966
2568968
2568970
2568972
2568974
2568976
2568978
2568980
2568982
2568984
2568986
2568988
2568990
2568992
2568994
2568996
2568998
2569000
2569002
2569496
2569497
2569499
2569500
2569668
2569669
2569752
2594153
2594500
2594502
2594504
2594506
2594508
2594510
2594512
2594514
2594516
2597530
2597579
2597725
2597726
2598027
2598028
2604270
2604873
2604878
2604883
2604888
2604893
2604898
2604903
2604908
2604913
2604918
2606601
2606986
2606990
2606994
2606998
2607002
2607006
2607010
2607014
2607018
2607022
2607671
2607942
2608376
2608378
2608381
2608383
2608386
2608388
2608391
2608393
2608396
2608398
2608401
2608403
2608406
2608408
2608411
2608413
2608416
2608418
2610561
2611295
2611613
2617072
2617212
2617214
2617216
2617218
2617220
2617222
2617224
2617226
2617228
2617781
2618256
2618533
2735222
2735253
2735895
2736159
2736332
2736395
2736621
2736907
2736908
2736923
2736925
2736926
2736927
2736928
2736944
2736945
2736960
2736962
2736963
2736964
2736965
2736981
2736982
2736997
2736999
2737000
2737001
2737002
2737018
2737019
2737034
2737036
2737037
2737038
2737039
2737055
2737056
2737071
2737073
2737074
2737075
2737076
2737092
2737093
2737108
2737110
2737111
2737112
2737113
2737129
2737130
2737145
2737147
2737148
2737149
2737150
2737166
2737167
2737182
2737184
2737185
2737186
2737187
2737203
2737204
2737219
2737221
2737222
2737223
2737224
2737240
2737241
2737256
2737258
2737259
2737260
2737261
2737992
2737996
2738001
2738654
2738669
2788684
2833691
2833692
2833693
2833694
2833695
2833696
2833697
2833698
2833699
2833700
2833701
2833702
2833703
2833704
2833705
2833706
2833707
2833708
2833709
2833710
2833712
2833713
2833714
2833715
2833716
2833717
2833718
2833719
2833751
2833752
2833753
2833754
2833756
2833757
2833758
2833786
2839163
2839184
2839232
2839255
2840049
2840050
2956391
2956410
2971527
2983530
3002538
3002539
3002541
3002542
3002543
3002544
3002545
3002546
3002547
3002548
3002559
3002560
3002562
3002563
3002574
3002575
3002577
3002578
3002582
3002583
3002585
3002586
3037763
3037922
3044826
3044827
3044828
3044829
3044830
3044831
3044832
3044833
3044834
3044835
3044836
3044837
3044838
3044839
3044840
3044841
3044844
3044845
3044846
3044847
3044850
3044873
3044874
3044875
3044876
3044877
3044893
3044894
3044906
3044908
3044910
3044911
3044912
3044913
3044914
3044932
3047946
3047947
3047972
3047973
3051373
3051374
3051375
3051376
3051377
3051378
3051379
3051380
3051381
3051382
3051383
3051384
3051385
3051386
3051387
3051388
3051391
3051392
3051393
3051394
3051397
3051420
3051421
3051422
3051423
3051424
3051438
3051439
3051450
3051452
3051454
3051455
3051456
3051457
3051458
3051476
3052454
3052455
3052456
3052457
3052458
3052459
3052460
3052461
3052462
3052463
3052464
3052465
3052466
3052467
3052468
3052469
3052472
3052473
3052474
3052475
3052478
3052501
3052502
3052503
3052504
3052505
3052519
3052520
3052531
3052533
3052535
3052536
3052537
3052538
3052539
3052557
3052899
3052900
3052901
3052902
3052903
3052904
3052905
3052906
3052907
3052908
3052909
3052910
3052911
3052912
3052913
3052914
3052917
3052918
3052919
3052920
3052923
3052946
3052947
3052948
3052949
3052950
3052964
3052965
3052976
3052978
3052980
3052981
3052982
3052983
3052984
3053002
3055068
3055069
3055070
3055071
3055072
3055073
3055074
3055075
3055076
3055077
3055078
3055079
3055080
3055081
3055082
3055083
3055084
3055087
3055088
3055089
3055090
3055093
3055116
3055117
3055118
3055119
3055120
3055133
3055137
3055138
3055150
3055152
3055154
3055155
3055156
3055157
3055158
3055578
3055579
3055580
3055581
3055582
3055583
3055584
3055585
3055586
3055587
3055588
3055589
3055590
3055591
3055592
3055593
3055594
3055597
3055598
3055599
3055600
3055603
3055626
3055627
3055628
3055629
3055630
3055643
3055647
3055648
3055660
3055662
3055664
3055665
3055666
3055667
3055668
3056449
3056450
3056451
3056452
3056453
3056454
3056455
3056456
3056457
3056458
3056459
3056460
3056461
3056462
3056463
3056464
3056465
3056468
3056469
3056470
3056471
3056474
3056497
3056498
3056499
3056500
3056501
3056514
3056518
3056519
3056531
3056533
3056535
3056536
3056537
3056538
3056539
3057071
3057072
3057073
3057074
3057075
3057076
3057077
3057078
3057079
3057080
3057081
3057082
3057083
3057084
3057085
3057086
3057087
3057090
3057091
3057092
3057093
3057096
3057119
3057120
3057121
3057122
3057123
3057136
3057140
3057141
3057153
3057155
3057157
3057158
3057159
3057160
3057161
3160123
3160687
3160690
3160693
3160696
3160699
3160702
3160705
3160708
3160711
3160714
3161382
3161933
3161938
3161942
3161946
3161950
3161954
3161958
3161962
3161966
3161970
3162137
3162344
3162860
3162861
3162864
3162865
3162868
3162869
3162872
3162873
3162876
3162877
3162880
3162881
3162884
3162885
3162888
3162889
3162892
3162893
3165577
3165843
3166001
3166308
3204222
3206658
3207109
3207112
3207115
3207118
3207121
3207124
3207127
3207130
3207133
3207136
3207139
3207142
3207145
3207148
3207151
3207154
3207157
3207160
3207163
3207166
3207169
3207612
3207671
3220369
3220579
3220581
3220583
3220585
3220587
3220589
3220591
3220593
3220595
3220597
3220599
3220601
3220603
3220605
3220607
3220609
3220611
3220613
3220615
3220617
3220619
3220710
3220780
3247950
3299279
3323675
3323677
3323678
3323681
3323682
3323683
3323684
3323693
3323696
3323697
3323699
3323700
3323701
3323702
3323703
3323704
3323705
3323706
3323715
3323716
3323717
3323718
3323719
3323720
3324386
3324388
3324389
3324392
3324393
3324394
3324395
3324404
3324407
3324408
3324410
3324411
3324412
3324413
3324414
3324415
3324416
3324417
3324425
3324426
3324427
3324428
3324429
3324430
3324488
3324490
3324491
3324494
3324495
3324496
3324497
3324506
3324509
3324510
3324512
3324513
3324514
3324515
3324516
3324517
3324518
3324519
3324527
3324528
3324529
3324530
3324531
3324532
3324582
3324584
3324585
3324588
3324589
3324590
3324591
3324600
3324603
3324604
3324606
3324607
3324608
3324609
3324610
3324611
3324612
3324613
3324621
3324622
3324623
3324624
3324625
3324626
3324684
3324686
3324687
3324690
3324691
3324692
3324693
3324702
3324705
3324706
3324708
3324709
3324710
3324711
3324712
3324713
3324714
3324715
3324723
3324724
3324725
3324726
3324727
3324728
3325513
3325514
3325516
3325517
3325518
3325519
3325520
3325521
3325522
3325523
3325534
3325535
3325537
3325538
3325549
3325550
3325552
3325553
3325557
3325558
3325560
3325561
3325614
3325615
3325617
3325618
3325619
3325620
3325621
3325622
3325623
3325624
3325635
3325636
3325638
3325639
3325650
3325651
3325653
3325654
3325658
3325659
3325661
3325662
3325718
3325719
3325721
3325722
3325723
3325724
3325725
3325726
3325727
3325728
3325739
3325740
3325742
3325743
3325754
3325755
3325757
3325758
3325762
3325763
3325765
3325766
3329697
3329766
3467430
3467431
3467679
3467680
3467751
3467752
3467755
3467756
3467759
3467760
3467763
3467764
3493900
3493901
3493902
3493903
3493904
3493906
3493907
3493908
3493927
3493929
3493932
3493933
3493934
3494481
3494482
3494483
3494484
3494485
3494488
3494490
3494491
3494492
3494493
3494494
3494496
3494497
3494499
3494500
3494501
3494502
3498266
3509308
3521565
3532167
3557625
3562388
3564058
3564061
3564064
3564067
3564070
3564073
3564076
3564079
3564082
3565090
3566204
3566570
3566574
3566576
3566578
3566580
3566582
3566584
3566586
3566588
3566590
3566674
3567261
3567678
3567679
3567684
3567685
3567687
3567688
3567690
3567691
3567693
3567694
3567696
3567697
3567699
3567700
3567702
3567703
3567705
3567706
3567708
3567709
3567859
3568269
3568782
3586403
3586963
3586965
3586967
3586969
3586971
3586973
3586975
3586977
3586979
3588351
3588373
3588469
3588470
3588472
3588473
3588475
3588476
3588478
3588479
3590171
3590234
3622153
3622154
3622258
3622259
3622264
3622265
3622267
3622268
3622270
3622271
3622479
3622480
3622914
3622915
3623063
3623064
3623073
3623074
3623078
3623079
3623083
3623084
3627621
3627831
3628007
3628008
3628035
3628036
3628037
3629743
3629744
3686286
3686287
3686288
3686289
3686290
3686293
3686298
3687830
3687831
3687832
3687833
3687834
3687837
3687842
3687872
3687873
3687874
3687875
3687876
3687879
3687884
3687914
3687915
3687916
3687917
3687918
3687921
3687926
3687956
3687957
3687958
3687959
3687960
3687963
3687968
3718596
3718597
3718598
3718599
3718600
3718603
3718608
3719018
3719019
3719020
3719021
3719022
3719025
3719030
3719041
3719042
3719043
3719044
3719045
3719048
3719053
3719064
3719065
3719066
3719067
3719068
3719071
3719076
3719087
3719088
3719089
3719090
3719091
3719094
3719099
3719259
3719260
3719261
3719262
3719263
3719266
3719271
3719575
3719576
3719577
3719578
3719581
3719586
3731891
3733602
3733603
3733604
3733605
3733608
3733612
3760555
3760557
3761514
3817583
3817636
3817664
3820370
3820507
3820620
3829392