726607
726608
726624
1586240,1586241,1586242,726627,1586243,1586244
1591184,1591284,1591330,1591379,3626873,341146
341190,3626873
1221878
1221881,3626332
1221854,1221938,1587528,2025804,3626332,3626333
1612522
341189
1221882
1221880
341187
388435
442789,1707706
388391
726609
726707
726709
726712
726708
726724
726727,1586253,1586254,1586250,1586251,1586252
726711
726611
726612
341191
443606
1967484
921433
921434
921435
921444
922076
1622483,1968474
1623086
1588912,818474,1588972
1588972,1589067,1589068,818476,1588710,1588912,3686296
818505
818505,3561403
818475

727085
727086
727102
1586280,1586281,1586282,727105,1586283,1586284
1591642,1591644,1591645,1591646,3626875,680093
680121,3626875
1222094
1222097,3626335
1222070,1222154,1587542,2025810,3626335,3626336
3051460
680120
1222098
1222096
680118
727087
727185
727187
727190
727186
727202
727205,1586293,1586294,1586290,1586291,1586292
727189
727089
727090
680122
1590145,820082,1590146
1590146,1590147,1590148,820084,1590143,1590145,3687882
820113
3561406
820083

727324
727325
727341
1586300,1586301,1586302,727344,1586303,1586304
1591649,1591651,1591652,1591653,3626877,680881
680909,3626877
1222200
1222203,3626338
1222176,1222260,1587549,2025813,3626338,3626339
3052541
680908
1222204
1222202
680906
727326
727424
727426
727429
727425
727441
727444,1586313,1586314,1586310,1586311,1586312
727428
727328
727329
680910
1590178,820156,1590179
1590179,1590180,1590181,820158,1590176,1590178,3687924
820187
820157

727563
727564
727580
1586320,1586321,1586322,727583,1586323,1586324
1591656,1591658,1591659,1591660,3626879,681669
681697,3626879
1222306
1222309,3626341
1222282,1222366,1587556,2025816,3626341,3626342
3052986
681696
681694
727565
727663
727665
727668
727664
727680
727683,1586333,1586334,1586330,1586331,1586332
727667
727567
727568
681698
1590209,820230,1590210
1590210,1590211,1590212,820232,1590207,1590209,3687966
820261
820231

727802
727803
727819
1586340,1586341,1586342,727822,1586343,1586344
1591663,1591665,1591666,1591667,3626881,682457
682485,3626881
1222412
1222415,3626344
1222388,1222472,1587563,2025819,3626344,3626345
1612839
682484
1222416
682482
727804
727902
727904
727907
727903
727919
727922,1586353,1586354,1586350,1586351,1586352
727906
727806
727807
682486
1590240,820304,1590241
1590241,1590242,1590243,820306,1590238,1590240,3718606
820335
820335,3561415
820305

728041
728042
728058
1586360,1586361,1586362,728061,1586363,1586364
1591670,1591672,1591673,1591674,3626883,683245
683273,3626883
1222518
1222521,3626347
1222494,1222578,1587570,2025822,3626347,3626348
3055160
683272
1222522
1222520
683270
728043
728141
728143
728146
728142
728158
728161,1586373,1586374,1586370,1586371,1586372
728145
728045
728046
683274
1590271,820378,1590272
1590272,1590273,1590274,820380,1590269,1590271,3719028
820409
820409,3561418
820379

728280
728281
728297
1586380,1586381,1586382,728300,1586383,1586384
1591677,1591679,1591680,1591681,3626885,684033
684061,3626885
1222624
1222627,3626350
1222600,1222684,1587577,2025825,3626350,3626351
3055670
684060
1222628
1222626
684058
728282
728380
728382
728385
728381
728397
728400,1586393,1586394,1586390,1586391,1586392
728384
728284
728285
684062
1590302,820452,1590303
1590303,1590304,1590305,820454,1590300,1590302,3719051
820483
820483,3561421
820453

728519
728520
728536
1586400,1586401,1586402,728539,1586403,1586404
1591684,1591686,1591687,1591688,3626887,684821
684849,3626887
1222730
1222733,3626353
1222706,1222790,1587584,2025828,3626353,3626354
3056541
684848
1222734
1222732
684846
728521
728619
728621
728624
728620
728636
728639,1586413,1586414,1586410,1586411,1586412
728623
728523
728524
684850
1590333,820526,1590334
1590334,1590335,1590336,820528,1590331,1590333,3719074
820557
820557,3561424
820527

728758
728759
728775
1586420,1586421,1586422,728778,1586423,1586424
1591691,1591693,1591694,1591695,3626889,685609
685637,3626889
1222836
1222839,3626356
1222812,1222896,1587591,2025831,3626356,3626357
3057163
685636
1222840
1222838
685634
728760
728858
728860
728863
728859
728875
728878,1586433,1586434,1586430,1586431,1586432
728862
728762
728763
685638
1590364,820600,1590365
1590365,1590366,1590367,820602,1590362,1590364,3719097
820631
820631,3561427
820601

686315
686316
686332
1592170,1592171,1592172,686335,1592173,1592174
1593261,1593263,1593265,1593266,688328,3632346
3632346,688356
1223305
1223281,1592330,1592331,1592333,1592334,3632728
1612474
688355
1223309
688353
686317
730187
730189
730192
730188
730204
730207,1592224,1592225,1592221,1592222,1592223
730191
686319
686320
688357
1592716,864732,1592717
1592717,1592718,1592719,864734,1592714,1592716,3719269
1256998
864733

921447
1222308
1222310
1223307
3493926,3493928,3493931,3862157,3493936,3829508,3829820,3829838
1584530,1584531,1584532,1392126,1584533,1584551
1392115
1392114
1392116
1392123
1021076
1021077
1021096,1584764,1584801,1584762,1584763,3614260
1021093
1392118

1268520,2100783,3307395
3306990,3307395,1736908,1738639
1737230
1021078
1021081

1218992,1219076,1586719,2025655,3626326,3626327
2833760,2833761,2833762,2833743,2833763,2833764
725351,1586233,1586234,1586230,1586231,1586232
725332
725331
725333
2833736
2833734
2833735
2833740
2833738
2833739
725335
725336
725348
1219019,3626326
1219016
1219018
1219020
1738639

726712
726612


341191
818475
1221882




1219020
2833739
725336




1021080

3719269,3719272
1223309
864733
688357
730192
686320
1223308,3632728








680122
820083
1222098
727190
727090
727329
727429
680910
820157
1222204
727568
727668
820231
681698
1222310
682486
820305
1222416
727907
727807
683274
820379
1222522
728146
728046
728385
728285
684062
820453
1222628
728624
728524
684850
820527
1222734
728763
728863
685638
820601
1222840



























1641111
1622704
388432


3494503

3494503,3862157
726610


1586241,1586242
1586243,1586240
726710

1612523
3846561
2025804,3626333,1221938

1221879
1612522
3686296,3686299

1589067,1589068

1591284,1591330,1591379

341188

1586250,1586253

727088
1586283,1586280

1586281,1586282
3051461
3814981


3051460
2025810,3626336,1222154

820113,3561406

1590147,1590148

3687882,3687885
1591644,1591645,1591646

680119
727327

1586303,1586300

1586301,1586302
3052542

1586310,1586313

1586311,1586312

3052552

2025813,3626339,1222260
3052541


820187,3561409

1222201


1590180,1590181
3687924,3687927
1591651,1591652,1591653

680907
727427
727566

1586331,1586332
1586330,1586333

727666

3052987
3814984
1586321,1586322
1586323,1586320

2025816,3626342,1222366
1222307

3052986

820261,3561412
3687966,3687969
1590211,1590212




1591658,1591659,1591660
681695
727805
1586343,1586340

1586341,1586342
1612840
1613625


1612839
2025819,3626345,1222472



1222414
1222413
1590242,1590243


3718606,3718609

1586351,1586352

1586350,1586353
727905
1591665,1591666,1591667


682483
728044


1586363,1586360
1586361,1586362
3055161

1586371,1586372

1586370,1586373
728144

3814987

3055160

1590273,1590274

3719028,3719031
1591672,1591673,1591674


2025822,3626348,1222578
1222519
683271


728283

728383

1586391,1586392

1586390,1586393
1586383,1586380
1586381,1586382

3055681


3055671
3055670
3719051,3719054
2025825,3626351,1222684


1222625
1591679,1591680,1591681
1590304,1590305




684059


728522
728622
1586410,1586413

1586411,1586412
1586403,1586400

1586401,1586402
3056542
3814990


3056541
2025828,3626354,1222790




1590335,1590336
3719074,3719077
1591686,1591687,1591688


684847
1222731
728761

1586431,1586432

1586430,1586433
728861


1586423,1586420
1586421,1586422
3057164
3057174


2025831,3626357,1222896

3057163

1222837
1590366,1590367


3719097,3719100
1591693,1591694,1591695


685635
686318

1592173,1592170

1592171,1592172
1612475

1592222,1592223
1592221,1592224

730190

3844355

1612474
1592333,1592334,1592330


1223306
1592718,1592719


1593263,1593265,1593266


688354
3569907,1256998
1610500



921436
1607819
3719584,3719587
3719584


720969
388433

1611057


1614073
2791044

1584531,1584532
1584533,1584530
1392117


1584762,1584763
3614260,1584764


1021079
1612854
1586231,1586232
1586230,1586233

725334
2833761,2833762

2833763,2833760
2833737
1612855
1613695

2025655,3626327,1219076
1219017

726949
726948
726946
726947


1586271,1586272
1586270,1586273
726963
726966,1586273,1586274,1586270,1586271,1586272

726950
726951
726850


726851
726848
726849
726846
726847
1586263,1586260

726863
1586260,1586261,1586262,726866,1586263,1586264
1586261,1586262
3044917
3044927


3044916
1591635,1591637,1591638,1591639,3626570,679305
1221964,1222048,1587535,2025807,3625818,3625902
679333,3626570
679331

679330
1591637,1591638,1591639

679334
679332
1590113,1590114,1590115,820010,1590110,1590112,3687840
3687840,3687843

1590112,820008,1590113

820039
1590114,1590115
820009
820039,3561136


2025807,3625902,1222048

1221991,3625818
1221989
1221988

1221990
1221992








