





641719
2826385


418728
419512,419680,419680
419512
640515






775109,3219946,2588946,2826115



775174,775109
485911,775497,775497,775374
2843313,2588947,3219896,775497,2961467
418728,418883,418883

2697332,781826,781875,781943,781943




785770,785770,785901,785801,785801
785770,2697381,2697382,785870,785901
781875,781875,781826,781826,781826


1003752,1297677,2588948,2588948

2961700,2961700,2961700,1297677,1297677,1297677,1297677,1003752,1003752







1079095



1079059
1079064,1079066,2692909,2692910
1079064,1079064,1079065
1079094



1079096,1079097,2693225,1079039



1079097,1079097,1079096
1079102,1079101,1079101
1079048,2693425,1079101,1079102
1079059,2692765


1079114,1079113,1079115

1079113,1079113,1079113,1079114,1079114
1079115,1079113,1079122,1079122






1079234



1079198
1079203,1079205,1079205,1079205,1079203
1079203,1079204
1079233



1079235,1079236



2694048,1079236,1079235
1079241,2694028
1079240,1079241,1079241
1079198,1079199,1079199,1079199


1079253,1079252,1079254
1079252,1079252,1079252,1079252,1079252,1079253,1079253
1079252,2694126,2694125,2694128,2694128






1079432



1079396
1079431



1079433,1079434



1079434,1079434,1079433
1079439,1079438,1079438
1079385,2695693,1079438,1079439
1079396,1079397,1079397,1079397


1079451,1079450,1079452
1079450,1079450,1079450,1079451,1079451
1079452,1079450,1079459,1079459






1079630



1079594
1079599,3908667,3908667,3908667,1079599
1079629



1079631,1079632,1079632



1079632,1079631
1079637,1079636
1079583,2701981,1079636,1079637
1079594,1079595,1079595,1079595


1079649,1079648,1079650

1079648,1079648,1079648,1079649,1079649
1079650,1079648,1079657,1079657






1107527



1107491
1107496,1107498,1107498,1107496
1107496,1107497
1107526



1107528,1107529



2696095,1107529,1107528
1107534,1107533,2696122
1107533,1107534
1107491,1107492,1107492


1107546,1107545,1107547

1107545,1107545,1107545,1107546,1107546
1107547,1107545,1107554,1107554






1107617



1107581
1107586,1107588,1107588,1107586
1107586,1107587
1107616



1107618,1107619



1107619,1107619,1107618
1107624,1107623,1107623
1107623,1107624
1107581,1107582,1107582


1107636,1107635,1107637

1107635,1107635,1107635,1107636,1107636
1107637,1107635,1107644,1107644






1107707



1107671
1107676,1107678,1107678,1107676
1107676,1107677
1107706



1107708,1107709



1107709,1107709,1107708
1107714,1107713,1107713
1107713,1107714
1107671,1107672,1107672,1107672


1107726,1107725,1107727

1107725,1107725,1107725,1107726,1107726
1107727,1107725,1107734,2696668






1107797



1107761
1107766,1107768,1107768
1107766,1107768
1107796



1107798,1107799



1107799,1107799,1107798
1107804,1107803,1107803
1107803,1107804
1107761,1107762,1107762,1107762


1107816,1107815,1107817

1107815,1107815,1107815,1107816,1107816
1107817,1107815,1107824,1107824






1107887


1107851
1107856,1107858,1107858
1107886



1107888,1106112,1106112,1107889



1106112,1107888
1107894,1107893
1107893,1107893,1107894
1107851,1107852,1107852


2656230,2656271,1107907
2656271,2656271,2656271,2656271,2656271,2656230,2656230
1107907,2656271,1107914,1107914

1079401
1079401,1079403,1079403
1107856,1107858


433708,2960448,2960416,1432650

1025017





2960565,2960535,2960565
2374151




779782,779782,779926,779856,779856











771034,771069
771034,2843794,2589323,771069
2843649,770836
770836,770836,770879,770948



592398
592398,592586,592586

2374151,998584

485932
2961756,1297677




418883,2588971,2589001
419680,2589108,2589085
775374,3219896,2588947,2588947,2588947
2588946,2588946,3219946,775174




2589386,770836,2843649
592586,2843494,2843466

779782,2960704,2960704
779782,2960704,2591873,2591873





1107880,1107881

1079060,2692766,2692767,2692767,2692767,2692768
1079066,2692909,2692908,2692911
1079097,2693279,2693279,2693195,2693225,2693225
1079101,2693425,2693425,2693422,2693334,2693335,2693423
1079236,2694049,2694049,2694050,2694051,2694051
1079240,2694029,2694029,2694026,2694027,2694027
2694104,2694103,1079199,1079199
1079205,2694201,2694202,2694202,2694203,2694203




1079088,1079091
1079227,1079228




1079425,1079428








1079623,1079626




1107520,1107521

1107610,1107613




1107700,1107703



1107790,1107791




1079403,1079403,2695568,2695569,2695569
1079397,2695539,2695539,2695536,2695536,2695537
1079438,2695693,2701809,2695691,2695691
2701782,1079434,2695665,2695665,2695666
2695737,1079632,1079632,2695735,2695735,2695736
1079636,1079636,2701981,2701982,2695760,2695761,2695761
1079595,3909265,3909265,2695803
1107492,2696062,2696062,2696059
1107498,2696034,2696035,2696035,2696036
2696097,2696098,1107529
2696124,2696123,2696123,1107533,2696125
1107588,2696423,2696424,2696424,2696425
1107582,2696461,2696461,2702797,2702797,2696459
1107619,2696302,2696302,2702760,2696304
2696331,2696330,2696330,1107623,2696332
1107672,2696645,2696645,2696644,2696643
1107678,2703297,2696713,2696713,2696714
2703210,2703209,2703209,1107713,2703211
1107709,2696965,2696965,2696964,2703238,2703238
2697042,1107799,2697040,2697040,2697039
2697016,2697015,2697015,1107803,2697017
1107768,2697108,2697109,2697109,2697110,2697110
1107762,2697078,2697077,2697077,2697076
1107852,2697282,2697282,2697281,2697280
1107858,2697231,2697232,2697232,2697233,2697233
1106112,2697166,2697166,2697165,2697168,1106112
1107893,1107893,2697202,2697202,2697199,2697200,2697200
2697335,2697334,781826,2697332
785770,2697379,2697382,2697382,2697381

771069,2589323,2589323,771069
2960565,2960535,2960416,2960448,2960565




418507,2588947,2843313

418507


407898,2826115,2826115,2588946


419680,2589085,2589108
419512,419564




2961700
2588948,1297677,2961756,2961756
2589001,2588971,418883








1079048





1079066,2692911,2692908,2692909,1079066
1079065


1079122,1079113,1079113


2692767



1079187,2694029,1079240


1079187

1079236,1079236,2694051,1079178


1079178



2694202,2701642

1079205,1079205,2694203
1079204

1079254,1079252,2694128



1079261,1079252,1079252

2694104,2694104




1079434,1079434,2701782,1079376
1079376






1079385


2695569

1079402




1079459,1079450,1079450


2695539,1079397

2695536




1079583





2695827

2695826,2695827,2695827,3908977,3908977,3908667
3908667,3908977
1079599

1079657,1079648,1079648



1079632,2695737,1079574
1079574



2695803
3909265,1079595,1079595



1107480,2696125,1107533,1107533


1107480

1107529,1107529,2696098,1107471
1107471








1107554,1107545,1107545


2696059
1107498,1107498,2696036
1107497
2696035


2696062,1107492


1107570,2696332,1107623,1107623

1107619,1107619,2696304,1107561
1107561



1107570







2696424
1107588,1107588,2696425
1107587

2702797
1107644,1107635,1107635


2696461,1107582


1107660,2703211,1107713,1107713
1107709,1107709,2703238,1107651




1107651


1107660





2696713
1107678,1107678,2696714
1107677


1107734,1107734,1107725,1107725

2696644,2696644
2696645,1107672




1107799,1107799,2697042,1107741
1107741



1107750,2697017,1107803,1107803


1107750




2697109
1107768,1107768,2697110



1107824,1107815,1107815



2697077
2697078,1107762



1107840,2697202,1107893


1107840

1107889,1106112,2697168,1107831
1107831







2697232
1107858,1107858,2697233


1107914,2656271,2656271


2697281
2697282,1107852




785801,785901,785901,785870





781943,781875,781875






998584,998584,998584




433708



433289,779856,779926,2591873,492052
492052

433289,779856



770948,770948,770879,2589386



2589323,2843794,2843794






592586,2843466,2843494






3911150,3911150,3911000,3911287,3911287

3911287



3911000,3911000,3910878
3910878,3912005
3912005,3911000,3911150
3912167,3911457
3911457,3911569,3911569
3911837,3911837,3911569,3911741,3911741
3911741,3911569,3912167








3911837











3912470,3912556,3912872
3912715,3912556,3912470
3913057,3912872,3912715
3913057





3914614,3914633,3914335,3914335
3913707
3913707,3913707,3914089,3914412,3914633,3914614,3914614

3914335,3914412,3913999
3913999,3913999,3914089
3915206,3914886,3914805
3914805,3914886,3914957




3915375
3914957,3915206,3915375
4023088,4022952
4023258,4023258,4023300,4023300,4023300
4023196
4024000,4024000,4023931
4023704,4023704,4023625
4024348,4024419
4024540,4024486
4024166,4024080
4024268