418043
418046
418049
418055
418636
418639
418642
418645
418648
419210
419219
419727
419730
419826
458524
458527
458912
479960
482943
482946
483281
483287
483290
483293
775246
775522
775525
775602
781715
781969
785678
785681
785684
785687
786151
786154
909462
1002454
1002781
1003894
1003897
1003905
1004065
1079040
1079042
1079044
1079046
1079049
1079051
1079053
1079055
1079057
1079061
1079062
1079067
1079069
1079071
1079073
1079075
1079077
1079081
1079082
1079084
1079086
1079098
1079103
1079105
1079107
1079109
1079111
1079116
1079118
1079120
1079123
1079179
1079181
1079183
1079185
1079188
1079190
1079192
1079194
1079196
1079200
1079201
1079206
1079208
1079210
1079212
1079214
1079216
1079220
1079221
1079223
1079225
1079237
1079242
1079244
1079246
1079248
1079250
1079255
1079259
1079262
1079377
1079379
1079381
1079383
1079386
1079388
1079390
1079392
1079394
1079398
1079399
1079408
1079410
1079412
1079414
1079418
1079419
1079421
1079423
1079435
1079440
1079442
1079444
1079446
1079448
1079453
1079457
1079460
1079575
1079577
1079579
1079581
1079584
1079586
1079588
1079590
1079592
1079596
1079597
1079602
1079606
1079608
1079610
1079612
1079616
1079617
1079619
1079621
1079633
1079638
1079640
1079642
1079644
1079646
1079651
1079653
1079655
1079658
1107472
1107474
1107476
1107478
1107481
1107483
1107485
1107487
1107489
1107493
1107494
1107499
1107501
1107503
1107505
1107507
1107509
1107513
1107514
1107516
1107518
1107530
1107535
1107537
1107539
1107541
1107543
1107548
1107550
1107552
1107555
1107562
1107564
1107566
1107568
1107571
1107573
1107575
1107577
1107579
1107583
1107584
1107589
1107591
1107593
1107595
1107597
1107599
1107603
1107604
1107606
1107608
1107620
1107625
1107627
1107629
1107631
1107633
1107638
1107640
1107642
1107645
1107652
1107654
1107656
1107658
1107661
1107663
1107665
1107667
1107669
1107673
1107674
1107679
1107681
1107683
1107685
1107687
1107689
1107693
1107694
1107696
1107698
1107710
1107715
1107717
1107719
1107721
1107723
1107728
1107730
1107732
1107735
1107742
1107744
1107746
1107748
1107751
1107753
1107755
1107757
1107759
1107763
1107764
1107769
1107771
1107773
1107775
1107777
1107779
1107783
1107784
1107786
1107788
1107800
1107805
1107807
1107809
1107811
1107813
1107818
1107820
1107822
1107825
1107832
1107834
1107836
1107838
1107841
1107843
1107845
1107849
1107853
1107854
1107859
1107863
1107865
1107867
1107869
1107873
1107874
1107876
1107878
1107890
1107895
1107897
1107899
1107901
1107903
1107908
1107912
1107915
1121338
1226831
1226834
1316032
1319184
1395425
1395427
1395429
1395431
1395433
1395435
1395437
1395439
1395441
1395443
1395447
1395449
1395451
1395453
1395457
1395459
1395463
1400224
1400225
1400227
1400229
1400231
1400233
1400235
1400237
1400239
1400241
1400243
1400245
1400247
1400249
1400251
1400254
1400256
1400258
1400260
1401309
2374165
2588942
2588944
2589147
2589150
2589153
2589156
2589159
2589225
2589232
2589240
2589243
2589268
2589271
2589274
2589277
2589409
2589412
2591081
2592088
2592091
2654677
2656284
2656287
2656290
2656293
2656296
2656477
2692896
2692920
2693326
2693482
2694072
2694075
2694156
2694226
2694241
2694244
2694247
2694250
2694253
2694259
2694262
2694265
2694268
2694271
2694277
2694280
2694283
2694286
2694289
2694295
2694298
2694301
2694304
2694307
2694337
2694340
2694343
2694346
2694349
2694355
2694358
2694361
2694364
2694367
2694373
2694376
2694379
2694382
2694385
2694817
2694820
2694823
2694826
2694829
2695592
2695595
2695717
2695720
2695792
2695795
2695855
2696084
2696087
2696149
2696152
2696450
2696486
2696563
2696566
2696695
2696740
2696955
2696987
2697066
2697069
2697134
2697137
2697304
2697307
2697310
2697313
2697359
2697390
2697455
2843818
2960590
3499315
3499318
3499321
3907958
3907960
3907962
3907964
3907966
3907968
3907970
3907972
3907974
3907976
3907978
3907980
3907982
3907984
3907986
3907988
3907990
3907992
3907994
3907996
3907998
3908000
3908002
3908079
3908081
3908083
3908085
3908087
3908089
3908091
3908093
3908095
3908097
3908099
3908101
3908103
3908105
3908107
3908109
3908215
3908217
3908219
3908236
3908238
3908240
3908242
3908244
3908246
3908248
3908250
3908252
3908254
3908256
3908258
3908260
3908262
3908264
3908266
3908268
3908270
3908276
3908287
3908289
3908291
3908293
3908295
3908297
3908337
3908339
3908341
3908355
3908357
3908359
3908361
3908363
3908423
3908425
3908427
3908429
3908431
3908433
3908435
3908437
3908455
3908457
3908459
3908461
3908463
3908478
3908480
3908482
3908484
3908486
3908488
3908490
3908492
3908506
3908508
3908510
3908512
3908514
3908516
3908518
3908520
3908522
3908524
3908526
3909001
3909003
3909005
3909007
3909009
3909011
3909013
3909015
3909060
3909062
3909064
3909066
3909068
3909070
3909292
3909294
3909296
3909311
3909313
3909315
3909317
3909319
3909321
3909323
3909325
3909327
3909329
3909331
3909333
3909335
3909337
3909339
3909341
3909343
3909345
3909347
3909349
3909351
3909353
3909355
3909357
3909359
3909361
3909363
3909399
3909401
3909552
3909554
3909556
3909558
3909560
3909562
3909564
3909566
3909568
3909570
3909572
3909574
3909576
3909578
3909580
3909582
3909584
3909586
3909588
3909590
3909592
3909594
3909596
3909640
3909642
3909743
3909772
3909774
3909776
3909778
3909780
3909782
3909784
3909786
3909788
3909790
3909792
3909794
3909796
3909798
3909800
3909802
3909804
3909847
3909849
3909851
3909853
3909855
3909857
3909859
3909861
3909863
3909883
3909952
3909954
3909956
3909958
3909960
3909962
3909964
3909966
3909968
3909970
3909972
3909974
3909976
3909978
3909980
3909982
3909984
3909986
3909988
3909990
3909992
3909994
3909996
3909998
3910000
3910002
3910016
3910018
3910020
3910022
3910024
3910026
3910028
3910030
3910032
3910034
3910036
3910038
3910040
3910042
3910044
3910046
3910048
3910050
3910052
3910054
3910056
3910058
3910060
3910062
3910064
3910066
3910068
3910082
3910084
3910086
3910088
3910090
3910092
3910094
3910096
3910098
3910100
3910102
3910104
3910106
3910108
3910112
3910114
3910116
3910118
3910120
3910122
3910124
3910126
3910128
3910130
3910132
3910134
3910136
3910138
3910140
3910144
3910146
3910148
3910150
3910152
3910154
3910156
3910158
3910160
3910162
3910164
3910166
3910168
3910170
3910172
3911852
3911854
3911856
3911858
3911860
3911862
3911864
3911866
3911868
3911870
3911872
3912212
3912214
3912216
3912218
3912220
3912222
3912224
3912226
3912228
3912230
3912232
3912234
3912236
3912238
3912240
3912242
3912244
3912246
3912248
3912250
3912252
3912254
3912256
3912258
3912260
3912262
3913226
3913228
3913230
3913232
3913234
3913236
3913238
3913240
3913242
3914658
3914660
3914662
3914664
3914666
3914668
3915428
3915430
3915432
3915434
3915436
3915438
3915440
3915442