726550,726556,726558,726558,726555,726555
726550,726551,726557,726557,726558,726558,726556
726557,726572,726572,726574,726575,726575
726570,726571,726571,726571,726576,726577,1511279
341129,726677,1511281,341138,341138,341138,988582,341137,2617072,341137,341136
341130,3162344,2607942,341152,341141,341141,341142
1221852,1221849,1221849,1221841,1221841,1221851,3567684,1221852,1221852
1221838,1221850,1221849,1221849,2606986,3161933
726577,1221837,1221844,2389651,1221845,1221931,1221846,1511279
341138,341138,341305,341303,341303,341304
341134,3564058,3564058,341143,2594500,2594500,1295061,1295061
1221842,1221842,1221843,1221847,1221853,3567685,3567685
3567685,3567685,3567684,1221851,3566574,3566574,1221842
341133,341141,341141,2472229,2472229,2472229,2594500,341143
388375,3820620,3820620,388382,388385,903463,388390,388386,388386,388387
388379,388389,388388,388388,388388,438005,437218
388374,921407,1057499,1057319,388382,2617781,3820507,3820370
726549,726554,726555,726558,726568,726565,726565,726564,726552
726650,726655,726655,726658,726658,726656
726652,726664,726665,726668,726658,726655,726654,726649
726653,1255160,726665,726665,726664
726650,726656,726658,726658,726657,726657,726651
726657,726675,726675,726674,726672,726672
726670,726670,726670,726670,726670,1511281,726677,726676,726671,726671,726671
726653,726653,726666
726566
726565,726565,1254608
341134,1295061,341145,988584,341135,341134
388106,388379,437218,438280,598474
388104,1056634,388104,452665,452665,1056688
921383,921387,921387,921390,921390,921388
921383,921388,921390,921390,921389,921389,921384
921382,921385,921396,921398,921390,921387,922057
921389,921405,921405,921404,921402,921402
921399,921396,921396,921386,921386
921386,921386,921450,1058271,921397
388106,598474,438280,438280
818443,1225387,818451,818451,818450,818444,818444,818444,818445
341139,819113,818443,818443,818446
818449,989271,826083
818441,818441,818448,818449,818449,826083,3588351,3588373
818444,818450,818448,818447,818444
818452,1248198,989273,2563530,2563531,818466,818467,1043314
727028,727034,727036,727036,727033,727033
727028,727029,727035,727035,727036,727036,727034
727035,727050,727050,727052,727053,727053
727048,727049,727049,727049,727054,727055,1511287
680076,727155,1511289,680085,680085,680085,988587,680084,2617214,680084,680083
680077,3162865,2608383,680099,680088,680088,680089
1222068,1222065,1222065,1222057,1222057,1222067,3567687,1222068,1222068
1222054,1222066,1222065,1222065,1222076,2606994,3161942
727055,1222053,1222060,2389655,1222061,1222147,1222062,1511287
680085,680085,3051384,3051382,3051382,3051383
680081,3564061,3564061,680090,2594502,2594502,1296246,1296246
1222058,1222059,1222063
3567688,3567688,3567688,3567687,1222067,3566576,3566576,1222058,1222058
680080,680088,680088,2472319,2472319,2472319,2594502,680090
727027,727032,727033,727036,727046,727043,727042,727030,727030
727128,727133,727133,727136,727136,727134
727130,727142,727143,727146,727136,727133,727132,727127
727131,984754,984753,727138,727141,727140,727137,727136,727136,727146,727143,1255172,1255172,727143,727143,727142
727128,727134,727136,727136,727135,727135,727129
727135,727153,727153,727152,727150,727150
727148,727148,727148,727148,727148,1511289,727155,727154,727149,727149,727149
727131,727131,727131,727144
727031,727044
727031,727042,727043,727043,1255169,1255169,727043,727046,727036,727036,727037,727040,727041,727038,984748,984749
680081,1296246,988589,680082,680081
820052,1225391,820060,820059,820053,820054
680086,820121,820052,820052,820055
820058,820118,989275,826226
705555,820056,820050,820050,1222059,1222059,1856637
820053,820059,820057,820056,820053
820051,820118,820118,820062,989276
727267,727273,727275,727275,727272,727272
727267,727268,727274,727274,727275,727275,727273
727274,727289,727289,727291,727292,727292
727287,727288,727288,727288,727293,727294,1511291
680864,727394,1511293,680873,680873,680873,988592,680872,2617216,680872,680871
680865,3162869,2608388,2608388,680887,680876,680876,680877
1222174,1222171,1222171,1222163,1222163,1222173,3567690,1222174,1222174
1222160,1222172,1222171,1222171,1222182,1222182,2606998,2606998,3161946
727294,1222159,1222166,2389657,1222167,1222253,1222168,1511291
680873,680873,3052465,3052463,3052463,3052464
680869,3564064,3564064,680878,2594504,2594504,1296250,1296250
1222164,1222165,1222169
3567691,3567691,3567691,3567690,1222173,3566578,3566578,1222164,1222164
680868,680876,680876,2471466,2471466,2471466,2594504,680878
727266,727271,727272,727275,727285,727282,727281,727269,727269
727367,727372,727372,727375,727375,727373
727369,727381,727382,727385,727375,727372,727371,727366
727370,1255178,727382,727382,727381
727367,727373,727375,727375,727374,727374,727368
727374,727392,727392,727391,727389,727389
727387,727387,727387,727387,727387,1511293,727394,727393,727388,727388,727388
727370,727370,727370,727383
727270,727283
727270,727281,727282,727282,1255175
680869,1296250,988594,680870,680869
820126,1225393,820134,820133,820127,820128
680874,820195,820126,820126,820129
820132,820192,989279,826228
820127,820133,820131,820130,820127

727506,727512,727514,727514,727511,727511
727506,727507,727513,727513,727514,727514,727512
727513,727528,727528,727530,727531,727531
727526,727527,727527,727527,727532,727533,1511295
681652,727633,1511297,681661,681661,681661,988597,681660,2617218,681660,681659
681653,3162873,2608393,2608393,681675,681675,681664,681664,681665
1222280,1222277,1222277,1222269,1222269,1222279,3567693,1222280,1222280
1222266,1222278,1222277,1222277,1222288,2607002,2607002,3161950
727533,1222265,1222272,2389659,1222273,1222359,1222274,1511295
681661,681661,3052910,3052908,3052908,3052909
681657,3564067,3564067,681666,2594506,2594506,1296254,1296254
681656,681664,681664,2472364,2472364,2472364,2594506,681666
727505,727510,727511,727514,727524,727521,727520,727508,727508
727606,727611,727611,727614,727614,727612
727608,727620,727621,727624,727614,727611,727610,727605
727609,1255184,727621,727621,727620
727606,727612,727614,727614,727613,727613,727607
727613,727631,727631,727630,727628,727628
727626,727626,727626,727626,727626,1511297,727633,727632,727627,727627,727627
727609,727609,727609,727622
727509,727522
727509,727520,727521,727521,1255181,1255181,727521,727524,727514,727514,727515,727518,727519,727516,984768,984769
681657,1296254,988599,681658,681657
820200,1225160,820208,820207,820201,820202
681662,820269,820200,820200,820203
820206,820266,989283,826230
820201,820207,820205,820204,820201
820199,820266,820266,820210,989284
727745,727751,727753,727753,727750,727750
727745,727746,727752,727752,727753,727753,727751
727752,727767,727767,727769,727770,727770
727765,727766,727766,727766,727771,727772,1511299
682440,727872,1511301,682449,682449,682449,988602,682448,2617220,682448,682447
682441,3162877,2608398,2608398,682463,682463,682452,682452,682453
1222386,1222383,1222383,1222375,1222375,1222385,3567696,1222386,1222386
1222372,1222384,1222383,1222383,1222394,1222394,2607006,2607006,3161954
727772,1222371,1222378,2389661,1222379,1222465,1222380,1511299
682449,682449,682557,682555,682555,682556
682445,3564070,3564070,682454,2594508,2594508,1296258,1296258
1222376,1222376,1222377,1222381
682444,682452,682452,2472409,2472409,2472409,2594508,682454
727744,727749,727750,727753,727763,727760,727759,727747,727747
727845,727850,727850,727853,727853,727851
727847,727859,727860,727863,727853,727850,727849,727844
727848,1255190,727860,727860,727859
727845,727851,727853,727853,727852,727852,727846
727852,727870,727870,727869,727867,727867
727865,727865,727865,727865,727865,1511301,727872,727871,727866,727866,727866
727848,727848,727848,727861
727748,727761
727748,727759,727760,727760,1255187,1255187,727760,727763,727753,727753,727754,727757,727758,727755,984778
682445,1296258,988604,682446,682445
820274,1225395,820282,820281,820275,820276
682450,820343,820274,820274,820277
820280,820340,989287,826232
820272,820272,820279,820280,820280,826232,3622914,3622915
820275,820281,820279,820278,820275
820273,820340,820340,820284,989288
727984,727990,727992,727992,727989,727989
727984,727985,727991,727991,727992,727992,727990
727991,728006,728006,728008,728009,728009
728004,728005,728005,728005,728010,728011,1511303
683228,728111,1511305,683237,683237,683237,988607,683236,2617222,683236,683235
683229,3162881,2608403,2608403,683251,683251,683240,683240,683241
1222492,1222489,1222489,1222481,1222481,1222491,3567699,1222492,1222492
1222478,1222490,1222489,1222489,1222500,2607010,2607010,3161958
728011,1222477,1222484,2389663,1222485,1222571,1222486,1511303
683237,683237,3055079,3055077,3055077,3055078
683233,3564073,3564073,683242,2594510,2594510,1296262,1296262
1222482,1222483,1222487
3567700,3567700,3567700,3567699,1222491,3566584,3566584,1222482,1222482
683232,683240,683240,2472454,2472454,2472454,2594510,683242
727983,727988,727989,727992,728002,727999,727998,727986,727986
728084,728089,728089,728092,728092,728090
728083,728086,728098,728099,728102,728092,728089,728088
728087,1255196,728099,728099,728098
728084,728090,728092,728092,728091,728091,728085
728091,728109,728109,728108,728106,728106
728104,728104,728104,728104,728104,1511305,728111,728110,728105,728105,728105
728087,728087,728087,728100
727987,728000
727987,727998,727999,727999,1255193
683233,1296262,988609,683234,683233
820348,1225397,820356,820355,820349,820350
683238,820417,820348,820348,820351
820354,820414,989291,826234
820346,820346,820353,820354,820354,826234,3623083,3623084
820349,820355,820353,820352,820349
820347,820414,820414,820358,989292
728223,728229,728231,728231,728228,728228
728223,728224,728230,728230,728231,728231,728229
728230,728245,728245,728247,728248,728248
728243,728244,728244,728244,728249,728250,1511307
684016,728350,1511309,684025,684025,684025,988612,684024,2617224,684024,684023
684017,3162885,2608408,2608408,684039,684039,684028,684028,684029
1222598,1222595,1222595,1222587,1222587,1222597,3567702,1222598,1222598
1222584,1222596,1222595,1222595,1222606,2607014,2607014,3161962
728250,1222583,1222590,2389665,1222591,1222677,1222592,1511307
684025,684025,3055589,3055587,3055587,3055588
684021,3564076,3564076,684030,2594512,2594512,1296266,1296266
1222588,1222589,1222593
3567703,3567703,3567703,3567702,1222597,3566586,3566586,1222588,1222588
684020,684028,684028,2472499,2472499,2472499,2594512,684030
728222,728227,728228,728231,728241,728238,728237,728225,728225
728323,728328,728328,728331,728331,728329
728325,728337,728338,728341,728331,728328,728327,728322
728326,1255202,728338,728338,728337
728323,728329,728331,728331,728330,728330,728324
728330,728348,728348,728347,728345,728345
728343,728343,728343,728343,728343,1511309,728350,728349,728344,728344,728344
728326,728326,728326,728339
728226,728239
728226,728237,728238,728238,1255199
684021,1296266,988614,684022,684021
820422,1225399,820430,820429,820423,820424
684026,820491,820422,820422,820425
820428,820488,989295,826236
820420,820420,820427,820428,820428,826236,3623078,3623079
820423,820429,820427,820426,820423
820421,820488,820488,820432,989296
728462,728468,728470,728470,728467,728467
728462,728463,728469,728469,728470,728470,728468
728469,728484,728484,728486,728487,728487
728482,728483,728483,728483,728488,728489,1511311
684804,728589,1511313,684813,684813,684813,988617,684812,2617226,684812,684811
684805,3162889,2608413,2608413,684827,684827,684816,684816,684817
1222704,1222701,1222701,1222693,1222693,1222703,3567705,1222704,1222704
1222690,1222702,1222701,1222701,1222712,2607018,2607018,3161966
728489,1222689,1222696,2389667,1222697,1222783,1222698,1511311
684813,684813,3056460,3056458,3056458,3056459
684809,3564079,3564079,684818,2594514,2594514,1296270,1296270
1222694,1222695,1222699
3567706,3567706,3567706,3567705,1222703,3566588,3566588,1222694,1222694
684808,684816,684816,2472544,2472544,2472544,2594514,684818
728461,728466,728467,728470,728480,728477,728476,728464,728464
728562,728567,728567,728570,728570,728568
728561,728564,728576,728577,728580,728570,728567,728566
728565,1255208,728577,728577,728576
728562,728568,728570,728570,728569,728569,728563
728569,728587,728587,728586,728584,728584
728582,728582,728582,728582,728582,1511313,728589,728588,728583,728583,728583
728565,728565,728565,728578
728465,728478
728465,728476,728477,728477,1255205
684809,1296270,988619,684810,684809
820496,1225401,820504,820503,820497,820498
684814,820565,820496,820496,820499
820502,820562,989299,826238
820494,820494,820501,820502,820502,826238,3623073,3623074
820497,820503,820501,820500,820497
820495,820562,820562,820506,989300
728701,728707,728709,728709,728706,728706
728701,728702,728708,728708,728709,728709,728707
728708,728723,728723,728725,728726,728726
728721,728722,728722,728722,728727,728728,1511315
685592,728828,1511317,685601,685601,685601,988622,685600,2617228,685600,685599
685593,3162893,2608418,2608418,685615,685604,685604,685605
1222810,1222807,1222807,1222799,1222799,1222809,3567708,1222810,1222810
1222796,1222808,1222807,1222807,1222818,1222818,2607022,2607022,3161970
728728,1222795,1222802,2389669,1222803,1222889,1222804,1511315
685601,685601,3057082,3057080,3057080,3057081
685597,3564082,3564082,685606,2594516,2594516,1296274,1296274
1222800,1222801,1222805
1222811,3567709,3567709,3567708,1222809,3566590,3566590,1222800,1222800
685596,685604,685604,2472589,2472589,2472589,2594516,685606
728700,728705,728706,728709,728719,728716,728715,728703,728703
728801,728806,728806,728809,728809,728807
728803,728815,728816,728819,728809,728806,728805,728800
728804,1255214,728816,728816,728815
728801,728807,728809,728809,728808,728808,728802
728808,728826,728826,728825,728823,728823
728821,728821,728821,728821,728821,1511317,728828,728827,728822,728822,728822
728804,728804,728804,728817
728704,728717
728704,728715,728716,728716,1255211
685597,1296274,988624,685598,685597
820570,1225403,820578,820577,820571,820572
685602,820639,820570,820570,820573
820576,820636,989303,826240
820568,820568,820575,820576,820576,826240,3623063,3623064
820571,820577,820575,820574,820571
820569,820636,820636,820580,989304
686258,686264,686266,686266,686263,686263
686258,686259,686265,686265,686266,686266,686264
686265,686280,686280,686282,686283,686283
686278,686279,686279,686279,686284,1806826,686285
688311,1807061,730159,1041592,2618256,688319,2611295,688318
688312,3165843,2611613,2611613,688334,688334,688323,688323,688324
1223279,1223276,1223276,1223268,1223268,1315817,1315817,3567859,1223279,1223279
686285,1806826,1223264,1223271,2618533,1223272,1223358,1223273
688320,868419,868417,868417,868418
688316,3568782,3568782,688325,3329697,3329766,3329766
1223269,1223270,1223270,1223274
688315,688323,688323,688326,688326,688326,3329697,688325,688315
686257,686262,686263,686266,686276,686273,686272,686260,686260,686260
730132,730137,730137,730140,730140,730138
730134,730134,730146,730147,730150,730140,730137,730136,730131
730135,1259081,730147,730147,730146
730132,730138,730140,730140,730139,730139,730133
730139,730157,730157,730156,730154,730154
730152,730152,730152,730152,730159,730159,1807061,730158,730153,730153,730153
730135,730135,730148
686261,686274
686272,686273,686273,1259247,686261
688316,3329766,1041307,688317,688317,688316
864701,1258010,864709,864709,864708,864702,864703
688321,865023,864701,864701,864704
865849,1256996,868308,1039858
864702,864708,864706,864705,864702
864711,1039779,3590171,868308,868308
921401,1058162,921407,921406,921401
3567694,3567694,3567693,1222279,3566580,3566580,1222270
1222270,1222270,1222271,1222275,1222281,3567694,3567694
1315818,3568269,3568269,3567859,3567859,1315817,3565090,1223269,1223269
509276,3493900,3493907,3493934,3493933,3494492,511159,511050,510964,642932,642863,510872,510764,3494496,3494494,3494482,3494481,3494481,3494481,3494481,3494481,3494502,3494502,3494497,3494497,3494496,510382,510288,510192,510109,509964,3494485,3493906,3493929,3493927,3493900,509278,509277,509276,961369,3817664,3817664,3817636,3817583,3817583,3521565,3829392,3829392,3829392
1392086,1392087,1392087,1392087,1392092,1392093,1507979
1392132,1392144,1392145,1392145,1392147,1392143,1392079,1392073,1392074,1392080,1392080,1392081,1392083,2956391,2956410
1392073,1392079,1392079,1392143,1392143,1392078,1392078
1392075,1392072,1392077,1392078,1392143,1392147,1392145
1392080,1392088,1392088,1392090,1392091,1392091
1021019,1021024,1021024,1021027,1021027,1021025
1021019,1021025,1021027,1021027,1021026,1021026,1021020
1021039,1021039,1021039,1021039,1509219,2283260,1021045,1021040,1021040,1021040
1021026,1021044,1021044,1021043,1021041,1021041
1392131,1392085,1392130,1392129,1392076,1392146,1392145,1392145,1392145
854360,1646444,1646444,854719,2303605,2303605,854901
649513,649514,649515,649519,649519,649519,1337620,1401077,1294293,1337195
649510,1236730,1236731,649511,649512,649513,1337195,1294293,1339614,1339325,1339288,1339288,649516
375168,375168,1507979,1508977,649509,649516,649517
1021018,1021021,1021021,1021033,1021034,1021037,1021027,1021024,1021023
1265979,1021034,1021034,1021033,1021022
375042,900395,3627831,900395,1063784,375046,375045,3557625,3557625,375045,375044,375043
1218975,1218982,2389485,1218983,1219069,1218984,2833757,2833719
2833712,2833713,2833713,2833713,2833718,2833719,2833757
725294,725294,725294,725294,725294,1511277,725301,725300,725295,725295,725295
725274,725280,725282,725282,725281,725281,725275
725274,725279,725279,725282,725282,725280
725276,725288,725289,725292,725282,725279,725278,725273
2833691,2833696,2833697,2833700,2833710,2833707,2833706,2833694
2833692,2833698,2833700,2833700,2833697,2833697
2833692,2833693,2833699,2833699,2833700,2833700,2833698
2833699,2833714,2833714,2833716,2833717,2833717
2833708,2833695,2833695,2833695,2833695
2833695,2833706,2833707,2833707,2833756
725277,725277,725277,725290
725277,1255157,725289,725289,725288
725281,725299,725299,725298,725296,725296
1218976,1218988,1218987,1218987,1218998,2606601,3161382
1218979,1218979,1218989,3567678,1218990,1218990,1218987,1218987
3567679,3567679,3567678,1218989,3566570,3566570,1218980
1218980,1218980,1218981,1218985,1218985,1218985,1218991,3567679
1339325,1339325,1339614,1401077,1337620,649519,649519
649519,861801,1661510,1738208,1554357,1738318,1738346,1738346,1738346,3299279,3299279,1646444,854360,1263568,1263568,860948,861061,2788684,861237,861237,1267984
726652,1907674,1907674,1907663,1907673,1907677,726653,726653
726553,1908613,1908609,1908595,1908610,1908610
818453,989272
341303,341307,1552826,1552822,1552817,1552821,1552815,1552820,341308,341303,341303,341303,341303
341134,1178448,1178434,1178435
818444,886211,837944,837945
1221842,1222942,1222941,1222954,1222954
988584
1221847
726566,984729,726567,3220581,726566,3207112,3207112
726666,3207115,3207115,726666,3220583,726667,984734,984733
1218980,1221354,1221353,1221366
1908518,1908533,1908533,2833694,2833695,2833695,1908536,1908532
725276,1907597,1907597,1907586,1907596,1907600,725277,725277
814910,814914,1551165,1551084,1551066,1551083,1551064,1551082,814915,814910,814910,814910,814910
725290,3206658,3206658,725290,3220579,725291,984724
1218985,1218985
782236,782240,1554205,1554205,1554204,1554202,1554198,1554199,1554196,782241,782236,782236,782236,782236
1021022,1024189
3204222,1024189,1021133
3719259,3719263,3719262,3719261,3719261,3719261
1223269,1856841,1856840,1856853,1856853,1223269
864169,864170,864702,886211
688316,920972,920957,920958
730134,1908444,1908444,1908433,1908443,1908447,730135,730135
686260,1909383,1909379,1909365,1909380
1223265,1223277,1223276,1223276,1223287,1223287,2610561,2610561,3166308


3207127,3207127
3207124,3207124
3207133,3207133
3207130,3207130
680880,680887,2608388
2606998
680081,920772,920757,920758
820053,886211,864017,864018
1222058,1856625,1856624,1856637,1856637,1222058
727130,1907828,1907828,1907817,1907827,1907831,727131,727131
727030,1908767,1908763,1908749,1908764,1908764
727269,1908844,1908840,1908826,1908841,1908841
727369,1907905,1907905,1907894,1907904,1907908,727370,727370
680869,920797,920782,920783
820127,886211,864036,864037
1222164,1856652,1856651,1856664,1856664,1222164
727508,1908921,1908917,1908903,1908918,1908918
727608,1907982,1907982,1907971,1907981,1907985,727609,727609
820201,886211,864055,864056
681657,920822,920807,920808
1222270,1856679,1856678,1856691,1856691
682445,920847,920832,920833
820275,886211,864074,864075
1222376,1856706,1856705,1856718,1856718
727847,1908059,1908059,1908048,1908058,1908062,727848,727848
727747,1908998,1908994,1908980,1908995,1908995
683233,920872,920857,920858
820349,886211,864093,864094
1222482,1856733,1856732,1856745,1856745,1222482
728086,1908136,1908125,1908135,1908139,728087,728087
727986,1909075,1909071,1909057,1909072
728325,1908213,1908213,1908202,1908212,1908216,728326,728326
728225,1909152,1909148,1909134,1909149,1909149
684021,920897,920882,920883
820423,886211,864112,864113
1222588,1856760,1856759,1856772,1856772,1222588
728564,1908290,1908279,1908289,1908293,728565,728565
728464,1909229,1909225,1909211,1909226
684809,920922,920907,920908
820497,886211,864131,864132
1222694,1856787,1856786,1856799,1856799,1222694
728703,1909306,1909302,1909288,1909303,1909303
728803,1908367,1908367,1908356,1908366,1908370,728804,728804
685597,920947,920932,920933
820571,886211,864150,864151
1222800,1856814,1856813,1856826,1856826,1222800
1222288,1222281
2608393
3207136,3207136
984774,3207139,3207139,3220599
984783,3207145,3207145,3220603,984784
3207142,3207142
988604,2608398
988609,2608403
2607010
728100,3207151,3207151,728100,3220607,984794
984789,3220605,3207148,3207148
2607014
2608408
3207157,3207157
984799,3220609,3207154,3207154
2608413
2607018
984809,3220613,3207160,3207160
3207163,3207163
984824,3207169,3207169,3220619
984819,3220617,3207166,3207166
2607022
2608418
2611613
2610561
3207612,3207612
3207671,3207671
452665

388378,388386,388386,511702,511702,388388,388388,388378,388378
2833753,2833754,2833709,3220369,2833708,3207109,3207109,2833708
1392145,1392144,1392131
3494493,3494493,3494493,3494493,3494493,3494499,3494500,3494497,3494502,3494501
3494496,3494496,3494497,3494500,3494499
3494493,3494493,3494494,3494496,3494496,3494499,3494499
726549,2535625,2535624,726550,726555,726554
984728,1254608,726565,726568,726558,726558,726559,726562,726563,726560
726560,726563,726562,726562,726561,3467679,3467680,726560
726560,726560,726560,726560,726571,984727
726557,726575,2535622,2535621,2568966,726560,726561,726561,726562,726559,726558
726649,726654,726655,726650,2535627,2535626
726660,726663,726662,726659,726658,726658,726668,726665,1255160,984733
341290,551724,551724,551724,551832,551832,551832,341307,341307,341303,563957,726667,726667,726667,726567,726567,726567,726570
341290,726570,726570,1221846,1221846,341292,341291,341291,341291,341291,341291,341298,341299,341300,341301
1221847,1221933,1221893,1221932,1221845,1221845,1221845,1221848,2606986,2606986,1221860,1221853
3567685,1221853,1221853,1221849,1221852,1221852,1221852,2535644,2535645
1221839,1221840,1221849,1221850,1221850,3160687,2535647,2535648
341137,341304,341304,341303,341308,807980,807980,549467,549467,341292,341292,1221845,1221893,1221893,1221893,818442,818442,818442,818442,818442,3586403,3686286,3686286,3686286,3686286,607437,607437,607437
3686286,3686290,3686289,3686288,3686288,3686288
818452,1043314,818467,818454,2563534,2563533,989272,818453,818453,818452
818443,818452,818452,818452,818451,1225387
818442,818524
341137,341137,341137,341137,988583,607437,988584,341145,341152,2607942,341140
341141,341145,341145,1295061,1295061,2564281,2564280,2472229,2472229,2472229
341131,2564284,2564283,3162137,341142,341142,341141,341141,341132,341132
341291,807774,807804,341293,341293,1552820,1552820,1552815,1552821,1552817,1552822,1552826,548660,548660
726657,726658,726659,726662,726661,726661,726660,2568527,2535628,2535629,726675
726660,726660,2535630,2535631,726661,726662,726662,726663
727027,3325517,3325516,727028,727033,727032
727035,727053,3325514,3325513,2568972,727038,727039,727039,727040,727037,727036
727038,727041,727040,727040,727039,3467755,3467756,727038
727038,727038,727038,727038,727049,984747
727045,727048,3051373,3051393,3051393,3051393,3051394,3051394,3051394,3051386,3051386,3051382,3051397,727145
727048,727048,1222062,1222062,3051375,3051374,3051374,3051374,3051374,3051374,3051373,3051377,3051378,3051379,3051380
3051374,3051421,3051422,3051376,3051376,3051454,3051454,3051450,3051455,3051452,3051456,3051458,3051391,3051391
3051382,3051386,3051458,3051456,3051452,3051455,3051450,3051454,3051387,3051382,3051382,3051382,3051382
680084,3051383,3051383,3051382,3051387,3051423,3051423,3051392,3051392,3051375,3051375,1222061,1222109,1222109,1222109,820051,820051,820051,820051,820051,3586965,3687872,3687872,3687872,3687872,680445,680445,680445
1222063,1222149,1222109,1222148,1222061,1222061,1222061,1222064,2606994,1222076,1222069
1222069,1222069,1222065,1222068,1222068,1222068,3325534,3325535,3567688
820050,820050,820057,820058,820058,826226,3588472,3588473
820061,1043981,820075,820063,3325553,3325552,989276,820062,820061
820052,820061,820061,820061,820060,1225391
820061,1248714,989277,3325549,3325550,820074,820075,1043981
3687872,3687876,3687875,3687874,3687874,3687874
680084,680084,680084,680084,988588,680445,988589,680092,680099,2608383,680087
680088,680092,680092,1296246,1296246,3325558,3325557,2472319,2472319,2472319
680078,3325561,3325560,3162864,680089,680089,680088,680088,680079,680079
727266,3325618,3325617,727267,727272,727271
727275,727275,727276,727279,727280,727277,984758,984759,1255175,727282,727285
727274,727292,3325615,3325614,2568976,727277,727278,727278,727279,727276,727275
727277,727280,727279,727279,727278,3467759,3467760,727277
727277,727277,727277,727277,727288,984757
727284,727287,3052454,3052474,3052474,3052474,3052475,3052475,3052475,3052467,3052467,3052463,3052478,727384
727375,727385,727382,1255178,984764,984763,727377,727380,727379,727376,727375
727374,727375,727376,727379,727378,727378,727377,2568978,3325621,3325622,727392
727377,727377,3325623,3325624,727378,727379,727379,727380
727377,984762,727388,727377,727377,727377
3052463,3052467,3052539,3052537,3052533,3052536,3052531,3052535,3052468,3052463,3052463,3052463,3052463
727287,727287,1222168,1222168,3052456,3052455,3052455,3052455,3052455,3052455,3052454,3052458,3052459,3052460,3052461
3052455,3052502,3052503,3052457,3052457,3052535,3052535,3052531,3052536,3052533,3052537,3052539,3052472,3052472
1222167,1222170,2606998,1222215,1222254,1222167,1222167
680872,3052464,3052464,3052463,3052468,3052504,3052504,3052473,3052473,3052456,3052456,1222167,1222215,1222215,1222215,820125,820125,820125,820125,820125,3586967,3687914,3687914,3687914,3687914,681233,681233,681233
1222182,1222175
1222175,1222175,1222171,1222174,1222174,1222174,3325635,3325636,3567691
820124,820124,820131,820132,820132,826228,3588475,3588476
820125,820192,820192
1222161,1222162,1222171,1222172,1222172,3160696,3325638,3325639
820135,1248716,989281,3325650,3325651,820148,820149,1043984
820135,1043984,820149,820137,3325654,3325653,989280,820136,820135
820126,820135,820135,820135,820134,1225393
3687914,3687918,3687917,3687916,3687916,3687916
680872,680872,680872,680872,988593,681233,988594,2608388,680875
680876,680880,1296250,1296250,3325659,3325658,2471466,2471466,2471466
680866,3325662,3325661,3162868,680877,680877,680876,680876,680867,680867
727366,727371,727372,727367,3325620,3325619
727505,3325722,3325721,727506,727511,727510
727614,727624,727621,1255184,984774,984773,727616,727619,727618,727615,727614
727616,984772,727627,727616,727616,727616
727613,727614,727615,727618,727617,727617,727616,2568982,3325725,3325726,727631
727616,727616,3325727,3325728,727617,727618,727618,727619
727605,727610,727611,727606,3325724,3325723
3052908,3052912,3052984,3052982,3052978,3052981,3052976,3052980,3052913,3052908,3052908,3052908,3052908
727523,727526,3052899,3052919,3052919,3052919,3052920,3052920,3052920,3052912,3052912,3052908,3052923,727623
727526,727526,1222274,1222274,3052901,3052900,3052900,3052900,3052900,3052900,3052899,3052903,3052904,3052905,3052906
727516,727516,727516,727516,727527,984767
727513,727531,3325719,3325718,2568980,727516,727517,727517,727518,727515,727514
727516,727519,727518,727518,727517,3467763,3467764,727516
1222273,1222276,2607002,1222275,1222361,1222321,1222360,1222273,1222273
1222267,1222268,1222277,1222278,1222278,3160699,3325742,3325743
3567694,1222281,1222281,1222277,1222280,1222280,1222280,3325739,3325740,3567694
681660,3052909,3052909,3052908,3052913,3052949,3052949,3052918,3052918,3052901,3052901,1222273,1222321,1222321,1222321,820199,820199,820199,820199,820199,3586969,3687956,3687956,3687956,3687956,682021,682021,682021
3052900,3052947,3052948,3052902,3052902,3052980,3052980,3052976,3052981,3052978,3052982,3052984,3052917,3052917
820198,820198,820205,820206,820206,826230,3588478,3588479
3687956,3687960,3687959,3687958,3687958,3687958
820200,820209,820209,820209,820208,1225160
820209,1248718,989285,3325754,3325755,820222,820223,1043987
820209,1043987,820223,820211,3325758,3325757,989284,820210,820209
681668,681675
681664,681668,1296254,1296254,3325763,3325762,2472364,2472364,2472364
681660,681660,681660,681660,988598,682021,681663
681654,3325766,3325765,3162872,681665,681665,681664,681664,681655,681655
727744,3324709,3324708,727745,727750,727749
727752,727770,3324706,3324705,2568984,727755,727756,727756,727757,727754,727753
727755,727758,727757,727757,727756,3324728,3324727,727755
727755,727755,727755,727755,727766,984777
682544,682779,682779,682779,682779,682780,682780,682780,682559,682559,682555,682793,727862,727762,977006
682544,727765,727765,1222380,1222380,682546,682545,682545,682545,682545,682545,682544,682550,682551,682552,682553
682545,811286,811287,682547,682547,1553066,1553066,1553061,1553067,1553063,1553068,1553072,682770,682770
682555,682559,1553072,1553068,1553063,1553067,1553061,1553066,682560,682555,682555,682555,682555
682448,682556,682556,682555,682560,811288,811288,682772,682772,682546,682546,1222379,1222427,1222427,1222427,820273,820273,820273,820273,820273,3586971,3718596,3718596,3718596,3718596,682809,682809,682809
1222379,1222382,2607006,1222467,1222427,1222466,1222379,1222379
1222383,1222386,1222386,1222386,3324684,3324702,3567697,3567697,1222387,1222387
1222381,2607006
1222387,1222394
3567697,3567697,3567696,1222385,3566582,3566582,1222376
1222373,1222374,1222383,1222384,1222384,3160702,3324687,3324686
820274,820283,820283,820283,820282,1225395
820283,1043990,820297,820285,3324725,3324726,989288,820284,820283
820283,1248720,989289,3324724,3324723,820296,820297,1043990
3718596,3718600,3718599,3718598,3718598,3718598
727853,727863,727860,1255190,984783,727855,727858,727857,727854,727853
727855,984782,727866,727855,727855,727855
727855,727855,3324714,3324715,727856,727857,727857,727858
727852,727853,727854,727857,727856,727856,727855,2568986,3324713,727870
727844,727849,727850,727845,3324711,3324710
682448,682448,682448,682448,988603,682809,988604,2608398,682451
682456,682463
682452,682456,1296258,1296258,3324692,3324693,2472409,2472409,2472409
682442,3324691,3324690,3162876,682453,682453,682452,682452,682443,682443
727983,3324607,3324606,727984,727989,727988
727992,727992,727993,727996,727997,727994,984788,984789,1255193,727999,728002
727994,727997,727996,727996,727995,3324626,3324625,727994
727991,728009,3324604,3324603,2568988,727994,727995,727995,727996,727993,727992
727994,727994,727994,727994,728005,984787
728001,3055133,3055068,3055089,3055089,3055089,3055089,3055090,3055090,3055090,3055081,3055081,3055077,3055093,728101
728092,728102,728099,1255196,984794,984793,728094,728097,728096,728093,728092
728094,984792,728105,728094,728094,728094
728094,728094,3324612,3324613,728095,728096,728096,728097
728091,728092,728093,728096,728095,728095,728094,2568990,3324611,728109
728083,728088,728089,728084,3324609,3324608
3055077,3055081,3055158,3055156,3055152,3055155,3055150,3055154,3055082,3055077,3055077,3055077,3055077
728004,728004,1222486,1222486,3055070,3055069,3055069,3055069,3055069,3055069,3055068,3055068,3055072,3055073,3055074,3055075
3055069,3055117,3055118,3055071,3055071,3055154,3055154,3055150,3055155,3055152,3055156,3055158,3055087,3055087
683236,3055078,3055078,3055077,3055082,3055119,3055119,3055088,3055088,3055070,3055070,1222485,1222533,1222533,1222533,820347,820347,820347,820347,820347,3586973,3719018,3719018,3719018,3719018,683597,683597,683597
820357,1043993,820371,820359,3324623,3324624,989292,820358,820357
820348,820357,820357,820357,820356,1225397
820357,1248722,989293,3324622,3324621,820370,820371,1043993
3719018,3719022,3719021,3719020,3719020,3719020
683236,683236,683236,683236,988608,683597,988609,2608403,683239
1222500,1222493
1222493,1222493,1222489,1222492,1222492,1222492,3324582,3324600,3567700
1222485,1222488,2607010,1222487,1222573,1222533,1222572,1222485,1222485
1222479,1222480,1222489,1222490,1222490,3160705,3324585,3324584
683230,3324589,3324588,3162880,683241,683241,683240,683240,683231,683231
683244,683251
683240,683244,1296262,1296262,3324590,3324591,2472454,2472454,2472454
728222,3324513,3324512,728223,728228,728227
728231,728231,728232,728235,728236,728233,984798,984799,1255199,728238,728241
728322,728327,728328,728323,3324515,3324514
728331,728341,728338,1255202,984804,984803,728333,728336,728335,728332,728331
728333,984802,728344,728333,728333,728333
728333,728333,3324518,3324519,728334,728335,728335,728336
728330,728331,728332,728335,728334,728334,728333,2568994,3324517,728348
728230,728248,3324510,3324509,2568992,728233,728234,728234,728235,728232,728231
728233,728233,728233,728233,728244,984797
728233,728236,728235,728235,728234,3324532,3324531,728233
728243,728243,1222592,1222592,3055580,3055579,3055579,3055579,3055579,3055579,3055578,3055578,3055582,3055583,3055584,3055585
3055587,3055591,3055668,3055666,3055662,3055665,3055660,3055664,3055592,3055587,3055587,3055587,3055587
3055579,3055627,3055628,3055581,3055581,3055664,3055664,3055660,3055665,3055662,3055666,3055668,3055597,3055597
728240,3055643,3055578,3055599,3055599,3055599,3055599,3055600,3055600,3055600,3055591,3055591,3055587,3055603,728340
684024,3055588,3055588,3055587,3055592,3055629,3055629,3055598,3055598,3055580,3055580,1222591,1222639,1222639,1222639,820421,820421,820421,820421,820421,3586975,3719041,3719041,3719041,3719041,684385,684385,684385
3719041,3719045,3719044,3719043,3719043,3719043
1222591,1222594,2607014,1222679,1222639,1222678,1222591,1222591
1222606,1222599
1222599,1222599,1222595,1222598,1222598,1222598,3324488,3324506,3567703
1222585,1222586,1222595,1222596,1222596,3160708,3324491,3324490
684024,684024,684024,684024,988613,684385,988614,2608408,684027
820422,820431,820431,820431,820430,1225399
820431,1248724,989297,3324528,3324527,820444,820445,1043996
820431,1043996,820445,820433,3324529,3324530,989296,820432,820431
684032,684039
684028,684032,1296266,1296266,3324496,3324497,2472499,2472499,2472499
684018,3324495,3324494,3162884,684029,684029,684028,684028,684019,684019
728470,728470,728471,728474,728475,728472,984808,984809,1255205,728477,728480
728570,728580,728577,1255208,984814,984813,728572,728575,728574,728571,728570
728461,3324411,3324410,728462,728467,728466
728561,728566,728567,728562,3324413,3324412
728569,728570,728571,728574,728573,728573,728572,2568998,3324415,728587
728572,728572,3324416,3324417,728573,728574,728574,728575
728572,984812,728583,728572,728572,728572
728469,728487,3324408,3324407,2568996,728472,728473,728473,728474,728471,728470
728472,728475,728474,728474,728473,3324430,3324429,728472
728472,728472,728472,728472,728483,984807
728479,3056514,3056449,3056470,3056470,3056470,3056470,3056471,3056471,3056471,3056462,3056462,3056458,3056474,728579
728482,728482,1222698,1222698,3056451,3056450,3056450,3056450,3056450,3056450,3056449,3056449,3056453,3056454,3056455,3056456
3056450,3056498,3056499,3056452,3056452,3056535,3056535,3056531,3056536,3056533,3056537,3056539,3056468,3056468
3056458,3056462,3056539,3056537,3056533,3056536,3056531,3056535,3056463,3056458,3056458,3056458,3056458
684812,3056459,3056459,3056458,3056463,3056500,3056500,3056469,3056469,3056451,3056451,1222697,1222745,1222745,1222745,820495,820495,820495,820495,820495,3586977,3719064,3719064,3719064,3719064,685173,685173,685173
1222697,1222700,2607018,1222785,1222745,1222784,1222697,1222697
1222712,1222705
1222705,1222705,1222701,1222704,1222704,1222704,3324386,3324404,3567706
820505,1043999,820519,820507,3324427,3324428,989300,820506,820505
820505,1248726,989301,3324426,3324425,820518,820519,1043999
820496,820505,820505,820505,820504,1225401
3719064,3719068,3719067,3719066,3719066,3719066
684812,684812,684812,684812,988618,685173,988619,2608413,684815
684820,684827
684816,684820,1296270,1296270,3324394,3324395,2472544,2472544,2472544
684806,3324393,3324392,3162888,684817,684817,684816,684816,684807,684807
1222691,1222692,1222701,1222702,1222702,3160711,3324389,3324388
728700,3323700,3323699,728701,728706,728705
728809,728819,728816,1255214,984824,984823,728811,728814,728813,728810,728809
728811,984822,728822,728811,728811,728811
728811,728811,3323705,3323706,728812,728813,728813,728814
728808,728809,728810,728813,728812,728812,728811,2569002,3323704,728826
728800,728805,728806,728801,3323702,3323701
728709,728709,728710,728713,728714,728711,984818,984819,1255211,728716,728719
728711,728714,728713,728713,728712,3323720,3323719,728711
728708,728726,3323697,3323696,2569000,728711,728712,728712,728713,728710,728709
728711,728711,728711,728711,728722,984817
728718,3057136,3057071,3057092,3057092,3057092,3057092,3057093,3057093,3057093,3057084,3057084,3057080,3057096,728818
728721,728721,1222804,1222804,3057073,3057072,3057072,3057072,3057072,3057072,3057071,3057071,3057075,3057076,3057077,3057078
3057072,3057120,3057121,3057074,3057074,3057157,3057157,3057153,3057158,3057155,3057159,3057161,3057090,3057090
3057080,3057084,3057161,3057159,3057155,3057158,3057153,3057157,3057085,3057080,3057080,3057080,3057080
1222803,1222806,2607022,1222891,1222851,1222890,1222803,1222803
1222818,1222811
685600,3057081,3057081,3057080,3057085,3057122,3057122,3057091,3057091,3057073,3057073,1222803,1222851,1222851,1222851,820569,820569,820569,820569,820569,3586979,3719087,3719087,3719087,3719087,685961,685961,685961
1222807,1222810,1222810,1222810,3323675,3323693,3567709,1222811,1222811
1222797,1222798,1222807,1222808,1222808,3160714,3323678,3323677
820570,820579,820579,820579,820578,1225403
820579,1248728,989305,3323716,3323715,820592,820593,1044002
820579,1044002,820593,820581,3323717,3323718,989304,820580,820579
3719087,3719091,3719090,3719089,3719089,3719089
685600,685600,685600,685600,988623,685961,988624,2608418,685603
685608,685615
685604,685608,1296274,1296274,3323683,3323684,2472589,2472589,2472589
685594,3323682,3323681,3162892,685605,685605,685604,685604,685595,685595
686257,2518404,2518403,686258,686263,686262
686266,686266,686267,686270,686271,686268,1115721,1259247,686273,686276
686265,686283,2518401,2518400,3037922,686268,686269,686269,686270,686267,686266
686268,686271,686270,686270,686269,2840050,2840049,686268
686268,686268,686268,686268,686279,1115720
686275,686275,1045128,868407,868433,868433,868433,868434,868434,868434,868421,868421,868417,868442,730149
730140,730150,730147,1259081,1115344,730142,730145,730144,730141,730140
730142,1115291,730153,730142,730142,730142
730139,730140,730141,730144,730143,730143,730142,3037763,2518408,730157
730142,730142,2518409,2518410,730143,730144,730144,730145
730131,730136,730137,730132,2518406,2518405
868417,868421,1553921,1553920,1553917,1553913,1553914,1553911,868422,868417,868417,868417,868417
686278,686278,1223273,1223273,1223273,868409,868408,868408,868408,868408,868408,868408,868407,868407,868412,868413,868414,868415
868408,868491,868492,868492,868410,868410,1553911,1553911,1553914,1553913,1553917,1553920,1553921,868430,868430
688319,868418,868418,868417,868422,868493,868493,868432,868432,868409,868409,1223272,1223320,1223320,1223320,3590171,3590171,3590171,3590171,3590171,3590234,1039493,3719259,3719259,3719259,3719259,688369,688369,688369
1223272,1223275,2610561,1223360,1223320,1223359,1223272,1223272
1223287,1315818
927710,2434509,3568269,1315818,1315818,1223276,1223279,1223279,1223279
927713,1223266,1223267,1223276,1223277,1223277,3166001,927714
864701,864710,864710,864710,864709,1258010
864710,1040044,864725,864712,2839232,2839255,1039779,864711,864710
864710,1257372,1040303,2839184,2839163,864724,864725,1040044
688319,688319,688319,1041192,688369,1041307,2611613,688322
688327,688334
688323,688327,3329766,3329766,1241420,1241421,688326,688326,688326
688313,1241418,1241417,3165577,688324,688323,688314
864699,864699,864706,1256996,1256996,865849,3629743,3629744
782225,782305,782305,782305,782306,782306,782240,782240,782236,782319,921397,921397,921397,921397,1049801
921397,1057947,1058017,921401,921401,921392,921392,921392,921392,921395,921394,921391,921390,921390,921398,921396,921399,921399,921399,921399
921389,921390,921391,921394,921393,921393,921392,2569752,2566722,2566723,921405
921392,2566718,2566719,921393,921394,921394,921395
921382,922057,921387,921383,934265,934264
388104,388384,388382,782237,782236,782241,782242,782242,782298,782298,782227,388500,388104,388104,388104,388104,388104,388104
388104,3719578,3719577,3719576,3719576,3719576
388382,388382,388382,1057069,1056983,906692,906692,438280,438280,438005,388390,903463,388385,3247950,3247950,388385,388385,388385
782226,873819,873881,873881,782228,782228,1554196,1554196,1554199,1554198,1554202,1554204,1554205,782296,782296
388386,388390,388390,388388,2569497,2569496,511702
388378,388388,388389,388379
388375,388387,388386,388377,388376,2569500,2569499,2569499
906692,1056881,1056810,2569668,2569669,906746
388500,782227,782226,782226,782226,782226,782226,782226,782225,782225,388500,782231,782232,782233,782234
375527,649517,1339288,1339325,649519,649519,649519,2788684,2788684,861564,856413,2327577,590180,590179,590179,590179,590179,590179,590213,1021036,1021036,1021036,886933,590201,590201,590201,1549217,1549222,1549222,1549221,1549218,1549214,1549215,1549212,590185,590185,590193,590193,375527
375526,590177,857195,590175,590175,1549212,1549215,1549214,1549218,1549221,1549222,590191,590191,590191
375168,375527,3047972,3047973,375526,375526,375526,375526,375525,375525,375525,3047946,3047947,1392086,1392086,375168,375533,375534,375535,375536,375533,375533
375525,375526,590191,590187,590200,590200,886933,1021036,1021413,1024053,1392084,1392085,968883
375525,968883,1392085,1392085,1392085,972270
1392082,1392082,1392082,1392087,1392132
1392080,1392091,2517609,2527581,1392082,1392083,1392083,1392081
1392072,2517612,2517611,1392073,1392078,1392077
375041,2322550,375050,375050,375049,375049,2327577,2327577,856413,856413,2341713,2303605,1063311,1063311,900395,900395,900395,375042,375041,375041
1021036,1021132,1021029
1021131,1021040,1021029,1021029,1021029,1021029
1021026,1021027,1021028,1021031,1021030,1021030,1021029,2526196,2517615,2517616,1021044
1021032,1021031,1021028,1021027,1021027,1021037,1021034,1265979
1021029,1021029,2517617,2517618,1021030,1021031,1021031,1021032,1021032
1021018,1021023,1021024,1021019,2517614,2517613
332818,814911,814911,814910,814915,815003,815003,814925,814925,814902,814902,1218983,1219031,1219031,1219031,649872,823875,823875,823875,332820
725282,725292,725289,1255157,984724,984723,984722,725295,725284,725284,725284,725284,725287,725286,725283,725282
725281,725282,725283,725286,725285,725285,725284,2568964,2518459,2518460,725299
725284,2518461,2518462,725285,725286,725286,725287
725273,725278,725279,725274,2518458,2518457
2833756,2833756,2833707,2833710,2833700,2833700,2833701,2833704,2833705,2833702,2833702,2833702,2833702,2833713,2833752,2833753
2833702,2833705,2833704,2833704,2833703,3467430,3467431
2518452,2833786,2833702,2833703,2833703,2833704,2833701,2833700,2833699,2833717,2518453
2518455,2833692,2833697,2833696,2833691,2518456
725291,2833709,2833709,2833709,2833712,814900,814926,814926,814926,814926,814927,814927,814927,814914,814914,814910,814935,725291,725291
814900,2833712,2833712,1218984,1218984,814902,814901,814901,814901,814901,814901,814905,814906,814907,814908
814901,815001,815002,814903,814903,1551082,1551082,1551064,1551083,1551066,1551084,1551165,814923,814923
1218985,1218985,1219071,1219031,1219070,1218983,1218983,1218983,1218986,2606601,1218998,1218991
1218977,1218978,1218987,1218988,1218988,3160123,2535112,2535111
1218987,1218990,2535108,2535109,3567679,3567679,1218991,1218991
726888,726893,726894,726889,3002544,3002543
726891,726903,726904,726907,726897,726894,726893,726888
726889,726894,726894,726897,726897,726895
726889,726895,726897,726897,726896,726896,726890
726897,726907,726904,1255166,984744,984743,726899,726902,726901,726898,726897
726899,726899,3002547,3002548,726900,726901,726901,726902
726899,984742,726910,726899,726899,726899
726896,726897,726898,726901,726900,726900,726899,2568970,3002545,3002546,726914
726896,726914,726914,726913,726911,726911
726909,726909,726909,726909,726909,1511285,726916,726915,726910,726910,726910
726905,3207121,3207121,726905,3220587,726906,984744
726892,726892,726905
726892,1255166,726904,726904,726903
726792,726805,726792
726805,984739,726806,3220585,726805,3207118,3207118
726797,726797,726798,726801,726802,726799,984738,984739,1255163,726804,726807
726792,726803,726804,726804,1255163
726788,726793,726794,726797,726807,726804,726803,726791
726788,3002542,3002541,726789,726794,726793
726789,726795,726797,726797,726794,726794
726789,726790,726796,726796,726797,726797,726795
726796,726814,3002539,3002538,2568968,726799,726800,726800,726801,726798,726797
726799,726802,726801,726801,726800,3467751,3467752,726799
726796,726811,726811,726813,726814,726814
726809,726810,726810,726810,726815,726816,1511283
726799,726799,726799,726799,726810,984737
726806,726806,726806,3731891,3044826,3044846,3044846,3044846,3044847,3044847,3044847,3044839,3044839,3044835,3044850,726906,726906,726906
726809,726809,1221956,1221956,3044828,3044827,3044827,3044827,3044827,3044827,3044826,3044826,3044830,3044831,3044832,3044833
3044827,3044874,3044875,3044829,3044829,3044910,3044910,3044906,3044911,3044908,3044912,3044914,3044844,3044844
3044835,3044839,3044914,3044912,3044908,3044911,3044906,3044910,3044840,3044835,3044835,3044835,3044835
679296,3044836,3044836,3044835,3044840,3044876,3044876,3044845,3044845,3044828,3044828,1221955,1222003,1222003,1222003,819977,819977,819977,819977,819977,3586963,3687830,3687830,3687830,3687830,679657,679657,679657
679288,726916,1511285,679297,679297,679297,987600,679296,2617212,679296,679295
726816,1221947,1221954,2389653,1221955,1222041,1221956,1511283
679289,3162861,2608378,679311,679300,679300,679301
679290,3002586,3002585,3162860,679301,679301,679300,679300,679291,679291
679300,679304,679304,1296242,1296242,3002583,3002582,2472274
679292,679300,679300,2472274,2472274,2594153,679302
679296,679296,679296,679296,987740,679657,987845,679304,679311,2608378,679299
987845
679293,1296242,679304,987845,679294,679293
679293,3562388,3562388,679302,2594153,2594153,1296242,1296242
679298,820047,819978,819978,819981
3687830,3687834,3687833,3687832,3687832,3687832
819987,1248712,988933,3002574,3002575,820000,820001,1043978
819978,1225389,819986,819986,819985,819979,819980
819987,1043978,820001,819989,3002578,3002577,988859,819988,819987
819984,988754,826224
819978,819987,819987,819987,819986,1225389
819979,819985,819987,819983,819982,819979
819976,819976,819983,819984,819984,826224,3588469,3588470
819977,820044
819988,988859
1221955,1221958,2606990,1221970,1221963,1221957,1222043,1222003,1222042,1221955,1221955
1221957
1221948,1221960,1221959,1221959,1221970,2606990,3161938
1221949,1221950,1221959,1221960,1221960,3160690,3002562,3002563
1221951,1221951,1221961,3566674,1221962,1221962,1221959,1221959
1221959,1221962,3002559,3002560,3567261,3567261,1221963,1221963
1221952,3567261,3567261,3566674,1221961,3566204,3566204
1221952,1221952,1221953,1221957,3567261
332810,2322550,586448,586448,332818,332810
3992656,3992656,3992656,3992729,3992729,3992657,3993127,3992658
3992658,3993127,3993127,3993180
3993182,3993182,3993173,3996818,3993171,3993133,3993126,3992665
3992664,3992665,3993126,3992727,3996820,3992666,3992666
3993271,3993434,3993316,3993318,3993272,3993272,4000370
3994635,3994635,3996241,3996243,4000367,3993434,3993271
3993264,3993264,3995016,3995016,3995016,3993320,3993265,3993437,3993266
3993266,3993437,3993437,3994351,3996221,4000357,4000357